Date	DayCount	PFT	Fraction	NumberPlants
2013-01-01	1	0	0	0
2013-01-01	1	1	0	0
2013-01-01	1	2	0	0
2013-01-02	2	0	0	0
2013-01-02	2	1	0	0
2013-01-02	2	2	0	0
2013-01-03	3	0	0	0
2013-01-03	3	1	0	0
2013-01-03	3	2	0	0
2013-01-04	4	0	0	0
2013-01-04	4	1	0	0
2013-01-04	4	2	0	0
2013-01-05	5	0	0	0
2013-01-05	5	1	0	0
2013-01-05	5	2	0	0
2013-01-06	6	0	0	0
2013-01-06	6	1	0	0
2013-01-06	6	2	0	0
2013-01-07	7	0	0	0
2013-01-07	7	1	0	0
2013-01-07	7	2	0	0
2013-01-08	8	0	0	0
2013-01-08	8	1	0	0
2013-01-08	8	2	0	0
2013-01-09	9	0	0	0
2013-01-09	9	1	0	0
2013-01-09	9	2	0	0
2013-01-10	10	0	0	0
2013-01-10	10	1	0	0
2013-01-10	10	2	0	0
2013-01-11	11	0	0	0
2013-01-11	11	1	0	0
2013-01-11	11	2	0	0
2013-01-12	12	0	0	0
2013-01-12	12	1	0	0
2013-01-12	12	2	0	0
2013-01-13	13	0	0	0
2013-01-13	13	1	0	0
2013-01-13	13	2	0	0
2013-01-14	14	0	50	1
2013-01-14	14	1	0	0
2013-01-14	14	2	50	1
2013-01-15	15	0	50	1
2013-01-15	15	1	0	0
2013-01-15	15	2	50	1
2013-01-16	16	0	33.3333	1
2013-01-16	16	1	0	0
2013-01-16	16	2	66.6667	2
2013-01-17	17	0	25	1
2013-01-17	17	1	25	1
2013-01-17	17	2	50	2
2013-01-18	18	0	28.5714	2
2013-01-18	18	1	28.5714	2
2013-01-18	18	2	42.8571	3
2013-01-19	19	0	37.5	3
2013-01-19	19	1	25	2
2013-01-19	19	2	37.5	3
2013-01-20	20	0	37.5	3
2013-01-20	20	1	25	2
2013-01-20	20	2	37.5	3
2013-01-21	21	0	44.4444	4
2013-01-21	21	1	22.2222	2
2013-01-21	21	2	33.3333	3
2013-01-22	22	0	40	4
2013-01-22	22	1	30	3
2013-01-22	22	2	30	3
2013-01-23	23	0	38.4615	5
2013-01-23	23	1	30.7692	4
2013-01-23	23	2	30.7692	4
2013-01-24	24	0	33.3333	5
2013-01-24	24	1	33.3333	5
2013-01-24	24	2	33.3333	5
2013-01-25	25	0	33.3333	5
2013-01-25	25	1	33.3333	5
2013-01-25	25	2	33.3333	5
2013-01-26	26	0	37.5	6
2013-01-26	26	1	31.25	5
2013-01-26	26	2	31.25	5
2013-01-27	27	0	41.1765	7
2013-01-27	27	1	29.4118	5
2013-01-27	27	2	29.4118	5
2013-01-28	28	0	38.8889	7
2013-01-28	28	1	33.3333	6
2013-01-28	28	2	27.7778	5
2013-01-29	29	0	42.1053	8
2013-01-29	29	1	31.5789	6
2013-01-29	29	2	26.3158	5
2013-01-30	30	0	40	8
2013-01-30	30	1	30	6
2013-01-30	30	2	30	6
2013-01-31	31	0	42.8571	9
2013-01-31	31	1	28.5714	6
2013-01-31	31	2	28.5714	6
2013-02-01	32	0	45.4545	10
2013-02-01	32	1	27.2727	6
2013-02-01	32	2	27.2727	6
2013-02-02	33	0	43.4783	10
2013-02-02	33	1	30.4348	7
2013-02-02	33	2	26.087	6
2013-02-03	34	0	42.3077	11
2013-02-03	34	1	30.7692	8
2013-02-03	34	2	26.9231	7
2013-02-04	35	0	40	10
2013-02-04	35	1	32	8
2013-02-04	35	2	28	7
2013-02-05	36	0	40.7407	11
2013-02-05	36	1	33.3333	9
2013-02-05	36	2	25.9259	7
2013-02-06	37	0	42.3077	11
2013-02-06	37	1	30.7692	8
2013-02-06	37	2	26.9231	7
2013-02-07	38	0	37.037	10
2013-02-07	38	1	33.3333	9
2013-02-07	38	2	29.6296	8
2013-02-08	39	0	35.7143	10
2013-02-08	39	1	32.1429	9
2013-02-08	39	2	32.1429	9
2013-02-09	40	0	33.3333	10
2013-02-09	40	1	33.3333	10
2013-02-09	40	2	33.3333	10
2013-02-10	41	0	32.2581	10
2013-02-10	41	1	35.4839	11
2013-02-10	41	2	32.2581	10
2013-02-11	42	0	30.303	10
2013-02-11	42	1	36.3636	12
2013-02-11	42	2	33.3333	11
2013-02-12	43	0	29.4118	10
2013-02-12	43	1	35.2941	12
2013-02-12	43	2	35.2941	12
2013-02-13	44	0	27.7778	10
2013-02-13	44	1	36.1111	13
2013-02-13	44	2	36.1111	13
2013-02-14	45	0	27.7778	10
2013-02-14	45	1	36.1111	13
2013-02-14	45	2	36.1111	13
2013-02-15	46	0	25	9
2013-02-15	46	1	38.8889	14
2013-02-15	46	2	36.1111	13
2013-02-16	47	0	26.3158	10
2013-02-16	47	1	39.4737	15
2013-02-16	47	2	34.2105	13
2013-02-17	48	0	25.641	10
2013-02-17	48	1	41.0256	16
2013-02-17	48	2	33.3333	13
2013-02-18	49	0	27.027	10
2013-02-18	49	1	40.5405	15
2013-02-18	49	2	32.4324	12
2013-02-19	50	0	27.5	11
2013-02-19	50	1	40	16
2013-02-19	50	2	32.5	13
2013-02-20	51	0	27.5	11
2013-02-20	51	1	40	16
2013-02-20	51	2	32.5	13
2013-02-21	52	0	26.8293	11
2013-02-21	52	1	41.4634	17
2013-02-21	52	2	31.7073	13
2013-02-22	53	0	25	10
2013-02-22	53	1	45	18
2013-02-22	53	2	30	12
2013-02-23	54	0	23.6842	9
2013-02-23	54	1	47.3684	18
2013-02-23	54	2	28.9474	11
2013-02-24	55	0	23.0769	9
2013-02-24	55	1	48.7179	19
2013-02-24	55	2	28.2051	11
2013-02-25	56	0	22.5	9
2013-02-25	56	1	47.5	19
2013-02-25	56	2	30	12
2013-02-26	57	0	25	10
2013-02-26	57	1	45	18
2013-02-26	57	2	30	12
2013-02-27	58	0	24.3902	10
2013-02-27	58	1	46.3415	19
2013-02-27	58	2	29.2683	12
2013-02-28	59	0	26.1905	11
2013-02-28	59	1	47.619	20
2013-02-28	59	2	26.1905	11
2013-03-01	60	0	25	11
2013-03-01	60	1	47.7273	21
2013-03-01	60	2	27.2727	12
2013-03-02	61	0	22.7273	10
2013-03-02	61	1	47.7273	21
2013-03-02	61	2	29.5455	13
2013-03-03	62	0	23.2558	10
2013-03-03	62	1	48.8372	21
2013-03-03	62	2	27.907	12
2013-03-04	63	0	23.2558	10
2013-03-04	63	1	48.8372	21
2013-03-04	63	2	27.907	12
2013-03-05	64	0	22.2222	10
2013-03-05	64	1	48.8889	22
2013-03-05	64	2	28.8889	13
2013-03-06	65	0	22.2222	10
2013-03-06	65	1	46.6667	21
2013-03-06	65	2	31.1111	14
2013-03-07	66	0	21.7391	10
2013-03-07	66	1	47.8261	22
2013-03-07	66	2	30.4348	14
2013-03-08	67	0	21.7391	10
2013-03-08	67	1	45.6522	21
2013-03-08	67	2	32.6087	15
2013-03-09	68	0	21.7391	10
2013-03-09	68	1	43.4783	20
2013-03-09	68	2	34.7826	16
2013-03-10	69	0	21.7391	10
2013-03-10	69	1	43.4783	20
2013-03-10	69	2	34.7826	16
2013-03-11	70	0	21.2766	10
2013-03-11	70	1	44.6809	21
2013-03-11	70	2	34.0426	16
2013-03-12	71	0	22.2222	10
2013-03-12	71	1	44.4444	20
2013-03-12	71	2	33.3333	15
2013-03-13	72	0	23.4043	11
2013-03-13	72	1	44.6809	21
2013-03-13	72	2	31.9149	15
2013-03-14	73	0	25.5319	12
2013-03-14	73	1	42.5532	20
2013-03-14	73	2	31.9149	15
2013-03-15	74	0	25.5319	12
2013-03-15	74	1	40.4255	19
2013-03-15	74	2	34.0426	16
2013-03-16	75	0	26.5306	13
2013-03-16	75	1	38.7755	19
2013-03-16	75	2	34.6939	17
2013-03-17	76	0	27.451	14
2013-03-17	76	1	37.2549	19
2013-03-17	76	2	35.2941	18
2013-03-18	77	0	28.8462	15
2013-03-18	77	1	34.6154	18
2013-03-18	77	2	36.5385	19
2013-03-19	78	0	29.6296	16
2013-03-19	78	1	33.3333	18
2013-03-19	78	2	37.037	20
2013-03-20	79	0	28.5714	16
2013-03-20	79	1	33.9286	19
2013-03-20	79	2	37.5	21
2013-03-21	80	0	28.0702	16
2013-03-21	80	1	35.0877	20
2013-03-21	80	2	36.8421	21
2013-03-22	81	0	27.5862	16
2013-03-22	81	1	36.2069	21
2013-03-22	81	2	36.2069	21
2013-03-23	82	0	25.8621	15
2013-03-23	82	1	36.2069	21
2013-03-23	82	2	37.931	22
2013-03-24	83	0	27.5862	16
2013-03-24	83	1	36.2069	21
2013-03-24	83	2	36.2069	21
2013-03-25	84	0	26.6667	16
2013-03-25	84	1	36.6667	22
2013-03-25	84	2	36.6667	22
2013-03-26	85	0	25.8065	16
2013-03-26	85	1	37.0968	23
2013-03-26	85	2	37.0968	23
2013-03-27	86	0	25.8065	16
2013-03-27	86	1	38.7097	24
2013-03-27	86	2	35.4839	22
2013-03-28	87	0	26.9841	17
2013-03-28	87	1	38.0952	24
2013-03-28	87	2	34.9206	22
2013-03-29	88	0	26.5625	17
2013-03-29	88	1	39.0625	25
2013-03-29	88	2	34.375	22
2013-03-30	89	0	27.6923	18
2013-03-30	89	1	38.4615	25
2013-03-30	89	2	33.8462	22
2013-03-31	90	0	25.3968	16
2013-03-31	90	1	39.6825	25
2013-03-31	90	2	34.9206	22
2013-04-01	91	0	24.6154	16
2013-04-01	91	1	40	26
2013-04-01	91	2	35.3846	23
2013-04-02	92	0	25.3968	16
2013-04-02	92	1	39.6825	25
2013-04-02	92	2	34.9206	22
2013-04-03	93	0	24.1935	15
2013-04-03	93	1	40.3226	25
2013-04-03	93	2	35.4839	22
2013-04-04	94	0	25.4237	15
2013-04-04	94	1	38.9831	23
2013-04-04	94	2	35.5932	21
2013-04-05	95	0	26.6667	16
2013-04-05	95	1	38.3333	23
2013-04-05	95	2	35	21
2013-04-06	96	0	25.8065	16
2013-04-06	96	1	38.7097	24
2013-04-06	96	2	35.4839	22
2013-04-07	97	0	27.4194	17
2013-04-07	97	1	38.7097	24
2013-04-07	97	2	33.871	21
2013-04-08	98	0	26.5625	17
2013-04-08	98	1	39.0625	25
2013-04-08	98	2	34.375	22
2013-04-09	99	0	26.9841	17
2013-04-09	99	1	39.6825	25
2013-04-09	99	2	33.3333	21
2013-04-10	100	0	26.5625	17
2013-04-10	100	1	40.625	26
2013-04-10	100	2	32.8125	21
2013-04-11	101	0	26.9841	17
2013-04-11	101	1	41.2698	26
2013-04-11	101	2	31.746	20
2013-04-12	102	0	28.5714	18
2013-04-12	102	1	39.6825	25
2013-04-12	102	2	31.746	20
2013-04-13	103	0	27.8689	17
2013-04-13	103	1	39.3443	24
2013-04-13	103	2	32.7869	20
2013-04-14	104	0	28.8136	17
2013-04-14	104	1	38.9831	23
2013-04-14	104	2	32.2034	19
2013-04-15	105	0	28.7671	21
2013-04-15	105	1	38.3562	28
2013-04-15	105	2	32.8767	24
2013-04-16	106	0	27.1429	19
2013-04-16	106	1	37.1429	26
2013-04-16	106	2	35.7143	25
2013-04-17	107	0	28.9855	20
2013-04-17	107	1	36.2319	25
2013-04-17	107	2	34.7826	24
2013-04-18	108	0	30	21
2013-04-18	108	1	35.7143	25
2013-04-18	108	2	34.2857	24
2013-04-19	109	0	31.4286	22
2013-04-19	109	1	34.2857	24
2013-04-19	109	2	34.2857	24
2013-04-20	110	0	31.5068	23
2013-04-20	110	1	34.2466	25
2013-04-20	110	2	34.2466	25
2013-04-21	111	0	29.7297	22
2013-04-21	111	1	35.1351	26
2013-04-21	111	2	35.1351	26
2013-04-22	112	0	29.3333	22
2013-04-22	112	1	34.6667	26
2013-04-22	112	2	36	27
2013-04-23	113	0	29.7297	22
2013-04-23	113	1	33.7838	25
2013-04-23	113	2	36.4865	27
2013-04-24	114	0	29.3333	22
2013-04-24	114	1	33.3333	25
2013-04-24	114	2	37.3333	28
2013-04-25	115	0	28.3784	21
2013-04-25	115	1	35.1351	26
2013-04-25	115	2	36.4865	27
2013-04-26	116	0	28.3784	21
2013-04-26	116	1	35.1351	26
2013-04-26	116	2	36.4865	27
2013-04-27	117	0	28.5714	22
2013-04-27	117	1	35.0649	27
2013-04-27	117	2	36.3636	28
2013-04-28	118	0	29.3333	22
2013-04-28	118	1	33.3333	25
2013-04-28	118	2	37.3333	28
2013-04-29	119	0	28.7671	21
2013-04-29	119	1	34.2466	25
2013-04-29	119	2	36.9863	27
2013-04-30	120	0	29.1667	21
2013-04-30	120	1	34.7222	25
2013-04-30	120	2	36.1111	26
2013-05-01	121	0	28.169	20
2013-05-01	121	1	35.2113	25
2013-05-01	121	2	36.6197	26
2013-05-02	122	0	27.3973	20
2013-05-02	122	1	35.6164	26
2013-05-02	122	2	36.9863	27
2013-05-03	123	0	28.3784	21
2013-05-03	123	1	35.1351	26
2013-05-03	123	2	36.4865	27
2013-05-04	124	0	28	21
2013-05-04	124	1	34.6667	26
2013-05-04	124	2	37.3333	28
2013-05-05	125	0	28.9474	22
2013-05-05	125	1	34.2105	26
2013-05-05	125	2	36.8421	28
2013-05-06	126	0	27.2727	21
2013-05-06	126	1	35.0649	27
2013-05-06	126	2	37.6623	29
2013-05-07	127	0	25.3333	19
2013-05-07	127	1	36	27
2013-05-07	127	2	38.6667	29
2013-05-08	128	0	25	19
2013-05-08	128	1	35.5263	27
2013-05-08	128	2	39.4737	30
2013-05-09	129	0	25.3333	19
2013-05-09	129	1	36	27
2013-05-09	129	2	38.6667	29
2013-05-10	130	0	25.641	20
2013-05-10	130	1	35.8974	28
2013-05-10	130	2	38.4615	30
2013-05-11	131	0	25	20
2013-05-11	131	1	36.25	29
2013-05-11	131	2	38.75	31
2013-05-12	132	0	26.9231	21
2013-05-12	132	1	34.6154	27
2013-05-12	132	2	38.4615	30
2013-05-13	133	0	27.2727	21
2013-05-13	133	1	33.7662	26
2013-05-13	133	2	38.961	30
2013-05-14	134	0	28	21
2013-05-14	134	1	34.6667	26
2013-05-14	134	2	37.3333	28
2013-05-15	135	0	28.2051	22
2013-05-15	135	1	34.6154	27
2013-05-15	135	2	37.1795	29
2013-05-16	136	0	27.5	22
2013-05-16	136	1	35	28
2013-05-16	136	2	37.5	30
2013-05-17	137	0	27.5	22
2013-05-17	137	1	35	28
2013-05-17	137	2	37.5	30
2013-05-18	138	0	26.8293	22
2013-05-18	138	1	35.3659	29
2013-05-18	138	2	37.8049	31
2013-05-19	139	0	27.381	23
2013-05-19	139	1	34.5238	29
2013-05-19	139	2	38.0952	32
2013-05-20	140	0	25.6098	21
2013-05-20	140	1	34.1463	28
2013-05-20	140	2	40.2439	33
2013-05-21	141	0	24.6914	20
2013-05-21	141	1	34.5679	28
2013-05-21	141	2	40.7407	33
2013-05-22	142	0	25.641	20
2013-05-22	142	1	33.3333	26
2013-05-22	142	2	41.0256	32
2013-05-23	143	0	26.5823	21
2013-05-23	143	1	32.9114	26
2013-05-23	143	2	40.5063	32
2013-05-24	144	0	26.5823	21
2013-05-24	144	1	32.9114	26
2013-05-24	144	2	40.5063	32
2013-05-25	145	0	27.5	22
2013-05-25	145	1	32.5	26
2013-05-25	145	2	40	32
2013-05-26	146	0	28.3951	23
2013-05-26	146	1	32.0988	26
2013-05-26	146	2	39.5062	32
2013-05-27	147	0	28.3951	23
2013-05-27	147	1	30.8642	25
2013-05-27	147	2	40.7407	33
2013-05-28	148	0	26.8293	22
2013-05-28	148	1	31.7073	26
2013-05-28	148	2	41.4634	34
2013-05-29	149	0	28.0488	23
2013-05-29	149	1	30.4878	25
2013-05-29	149	2	41.4634	34
2013-05-30	150	0	28.75	23
2013-05-30	150	1	31.25	25
2013-05-30	150	2	40	32
2013-05-31	151	0	29.2683	24
2013-05-31	151	1	31.7073	26
2013-05-31	151	2	39.0244	32
2013-06-01	152	0	28.0488	23
2013-06-01	152	1	31.7073	26
2013-06-01	152	2	40.2439	33
2013-06-02	153	0	28.0488	23
2013-06-02	153	1	30.4878	25
2013-06-02	153	2	41.4634	34
2013-06-03	154	0	26.8293	22
2013-06-03	154	1	30.4878	25
2013-06-03	154	2	42.6829	35
2013-06-04	155	0	28.0488	23
2013-06-04	155	1	29.2683	24
2013-06-04	155	2	42.6829	35
2013-06-05	156	0	26.8293	22
2013-06-05	156	1	30.4878	25
2013-06-05	156	2	42.6829	35
2013-06-06	157	0	24.359	19
2013-06-06	157	1	32.0513	25
2013-06-06	157	2	43.5897	34
2013-06-07	158	0	24.359	19
2013-06-07	158	1	32.0513	25
2013-06-07	158	2	43.5897	34
2013-06-08	159	0	24.0506	19
2013-06-08	159	1	32.9114	26
2013-06-08	159	2	43.038	34
2013-06-09	160	0	25.3165	20
2013-06-09	160	1	30.3797	24
2013-06-09	160	2	44.3038	35
2013-06-10	161	0	25.641	20
2013-06-10	161	1	30.7692	24
2013-06-10	161	2	43.5897	34
2013-06-11	162	0	26.9231	21
2013-06-11	162	1	30.7692	24
2013-06-11	162	2	42.3077	33
2013-06-12	163	0	26.9231	21
2013-06-12	163	1	30.7692	24
2013-06-12	163	2	42.3077	33
2013-06-13	164	0	27.8481	22
2013-06-13	164	1	30.3797	24
2013-06-13	164	2	41.7722	33
2013-06-14	165	0	25.641	20
2013-06-14	165	1	32.0513	25
2013-06-14	165	2	42.3077	33
2013-06-15	166	0	25.641	20
2013-06-15	166	1	32.0513	25
2013-06-15	166	2	42.3077	33
2013-06-16	167	0	25.641	20
2013-06-16	167	1	33.3333	26
2013-06-16	167	2	41.0256	32
2013-06-17	168	0	24.359	19
2013-06-17	168	1	33.3333	26
2013-06-17	168	2	42.3077	33
2013-06-18	169	0	23.0769	18
2013-06-18	169	1	33.3333	26
2013-06-18	169	2	43.5897	34
2013-06-19	170	0	23.0769	18
2013-06-19	170	1	32.0513	25
2013-06-19	170	2	44.8718	35
2013-06-20	171	0	23.3766	18
2013-06-20	171	1	29.8701	23
2013-06-20	171	2	46.7532	36
2013-06-21	172	0	24.0506	19
2013-06-21	172	1	29.1139	23
2013-06-21	172	2	46.8354	37
2013-06-22	173	0	23.0769	18
2013-06-22	173	1	29.4872	23
2013-06-22	173	2	47.4359	37
2013-06-23	174	0	23.0769	18
2013-06-23	174	1	29.4872	23
2013-06-23	174	2	47.4359	37
2013-06-24	175	0	23.0769	18
2013-06-24	175	1	29.4872	23
2013-06-24	175	2	47.4359	37
2013-06-25	176	0	22.7848	18
2013-06-25	176	1	29.1139	23
2013-06-25	176	2	48.1013	38
2013-06-26	177	0	22.7848	18
2013-06-26	177	1	29.1139	23
2013-06-26	177	2	48.1013	38
2013-06-27	178	0	22.5	18
2013-06-27	178	1	28.75	23
2013-06-27	178	2	48.75	39
2013-06-28	179	0	22.5	18
2013-06-28	179	1	28.75	23
2013-06-28	179	2	48.75	39
2013-06-29	180	0	22.8916	19
2013-06-29	180	1	28.9157	24
2013-06-29	180	2	48.1928	40
2013-06-30	181	0	22.8916	19
2013-06-30	181	1	28.9157	24
2013-06-30	181	2	48.1928	40
2013-07-01	182	0	23.5294	20
2013-07-01	182	1	28.2353	24
2013-07-01	182	2	48.2353	41
2013-07-02	183	0	22.619	19
2013-07-02	183	1	28.5714	24
2013-07-02	183	2	48.8095	41
2013-07-03	184	0	22.3529	19
2013-07-03	184	1	28.2353	24
2013-07-03	184	2	49.4118	42
2013-07-04	185	0	21.4286	18
2013-07-04	185	1	28.5714	24
2013-07-04	185	2	50	42
2013-07-05	186	0	22.3529	19
2013-07-05	186	1	28.2353	24
2013-07-05	186	2	49.4118	42
2013-07-06	187	0	22.3529	19
2013-07-06	187	1	29.4118	25
2013-07-06	187	2	48.2353	41
2013-07-07	188	0	23.2558	20
2013-07-07	188	1	29.0698	25
2013-07-07	188	2	47.6744	41
2013-07-08	189	0	24.0964	20
2013-07-08	189	1	30.1205	25
2013-07-08	189	2	45.7831	38
2013-07-09	190	0	24.3902	20
2013-07-09	190	1	30.4878	25
2013-07-09	190	2	45.122	37
2013-07-10	191	0	25.3165	20
2013-07-10	191	1	30.3797	24
2013-07-10	191	2	44.3038	35
2013-07-11	192	0	25.641	20
2013-07-11	192	1	30.7692	24
2013-07-11	192	2	43.5897	34
2013-07-12	193	0	25.641	20
2013-07-12	193	1	30.7692	24
2013-07-12	193	2	43.5897	34
2013-07-13	194	0	25.3333	19
2013-07-13	194	1	30.6667	23
2013-07-13	194	2	44	33
2013-07-14	195	0	25.974	20
2013-07-14	195	1	29.8701	23
2013-07-14	195	2	44.1558	34
2013-07-15	196	0	24.359	19
2013-07-15	196	1	30.7692	24
2013-07-15	196	2	44.8718	35
2013-07-16	197	0	24.6753	19
2013-07-16	197	1	31.1688	24
2013-07-16	197	2	44.1558	34
2013-07-17	198	0	23.6842	18
2013-07-17	198	1	32.8947	25
2013-07-17	198	2	43.4211	33
2013-07-18	199	0	23.3766	18
2013-07-18	199	1	32.4675	25
2013-07-18	199	2	44.1558	34
2013-07-19	200	0	22.0779	17
2013-07-19	200	1	32.4675	25
2013-07-19	200	2	45.4545	35
2013-07-20	201	0	22.0779	17
2013-07-20	201	1	33.7662	26
2013-07-20	201	2	44.1558	34
2013-07-21	202	0	21.519	17
2013-07-21	202	1	34.1772	27
2013-07-21	202	2	44.3038	35
2013-07-22	203	0	22.3684	17
2013-07-22	203	1	34.2105	26
2013-07-22	203	2	43.4211	33
2013-07-23	204	0	22.3684	17
2013-07-23	204	1	35.5263	27
2013-07-23	204	2	42.1053	32
2013-07-24	205	0	22.973	17
2013-07-24	205	1	36.4865	27
2013-07-24	205	2	40.5405	30
2013-07-25	206	0	22.973	17
2013-07-25	206	1	36.4865	27
2013-07-25	206	2	40.5405	30
2013-07-26	207	0	23.2877	17
2013-07-26	207	1	34.2466	25
2013-07-26	207	2	42.4658	31
2013-07-27	208	0	24	18
2013-07-27	208	1	34.6667	26
2013-07-27	208	2	41.3333	31
2013-07-28	209	0	24.3243	18
2013-07-28	209	1	33.7838	25
2013-07-28	209	2	41.8919	31
2013-07-29	210	0	25.6757	19
2013-07-29	210	1	33.7838	25
2013-07-29	210	2	40.5405	30
2013-07-30	211	0	25.3333	19
2013-07-30	211	1	33.3333	25
2013-07-30	211	2	41.3333	31
2013-07-31	212	0	23.2877	17
2013-07-31	212	1	34.2466	25
2013-07-31	212	2	42.4658	31
2013-08-01	213	0	24.3243	18
2013-08-01	213	1	33.7838	25
2013-08-01	213	2	41.8919	31
2013-08-02	214	0	23.6842	18
2013-08-02	214	1	34.2105	26
2013-08-02	214	2	42.1053	32
2013-08-03	215	0	23.6842	18
2013-08-03	215	1	34.2105	26
2013-08-03	215	2	42.1053	32
2013-08-04	216	0	23.3766	18
2013-08-04	216	1	33.7662	26
2013-08-04	216	2	42.8571	33
2013-08-05	217	0	23.3766	18
2013-08-05	217	1	32.4675	25
2013-08-05	217	2	44.1558	34
2013-08-06	218	0	23.6842	18
2013-08-06	218	1	32.8947	25
2013-08-06	218	2	43.4211	33
2013-08-07	219	0	23.6842	18
2013-08-07	219	1	32.8947	25
2013-08-07	219	2	43.4211	33
2013-08-08	220	0	23.3766	18
2013-08-08	220	1	33.7662	26
2013-08-08	220	2	42.8571	33
2013-08-09	221	0	24.0506	19
2013-08-09	221	1	32.9114	26
2013-08-09	221	2	43.038	34
2013-08-10	222	0	24.0506	19
2013-08-10	222	1	32.9114	26
2013-08-10	222	2	43.038	34
2013-08-11	223	0	23.75	19
2013-08-11	223	1	32.5	26
2013-08-11	223	2	43.75	35
2013-08-12	224	0	22.5	18
2013-08-12	224	1	32.5	26
2013-08-12	224	2	45	36
2013-08-13	225	0	23.75	19
2013-08-13	225	1	32.5	26
2013-08-13	225	2	43.75	35
2013-08-14	226	0	25.3165	20
2013-08-14	226	1	31.6456	25
2013-08-14	226	2	43.038	34
2013-08-15	227	0	25.641	20
2013-08-15	227	1	33.3333	26
2013-08-15	227	2	41.0256	32
2013-08-16	228	0	26.9231	21
2013-08-16	228	1	33.3333	26
2013-08-16	228	2	39.7436	31
2013-08-17	229	0	24.6753	19
2013-08-17	229	1	33.7662	26
2013-08-17	229	2	41.5584	32
2013-08-18	230	0	24.359	19
2013-08-18	230	1	34.6154	27
2013-08-18	230	2	41.0256	32
2013-08-19	231	0	24.3243	18
2013-08-19	231	1	33.7838	25
2013-08-19	231	2	41.8919	31
2013-08-20	232	0	24.3243	18
2013-08-20	232	1	33.7838	25
2013-08-20	232	2	41.8919	31
2013-08-21	233	0	24.6575	18
2013-08-21	233	1	34.2466	25
2013-08-21	233	2	41.0959	30
2013-08-22	234	0	24.3243	18
2013-08-22	234	1	35.1351	26
2013-08-22	234	2	40.5405	30
2013-08-23	235	0	23.2877	17
2013-08-23	235	1	35.6164	26
2013-08-23	235	2	41.0959	30
2013-08-24	236	0	23.6111	17
2013-08-24	236	1	36.1111	26
2013-08-24	236	2	40.2778	29
2013-08-25	237	0	23.6111	17
2013-08-25	237	1	36.1111	26
2013-08-25	237	2	40.2778	29
2013-08-26	238	0	21.9178	16
2013-08-26	238	1	36.9863	27
2013-08-26	238	2	41.0959	30
2013-08-27	239	0	22.973	17
2013-08-27	239	1	35.1351	26
2013-08-27	239	2	41.8919	31
2013-08-28	240	0	21.9178	16
2013-08-28	240	1	35.6164	26
2013-08-28	240	2	42.4658	31
2013-08-29	241	0	22.5352	16
2013-08-29	241	1	36.6197	26
2013-08-29	241	2	40.8451	29
2013-08-30	242	0	22.5352	16
2013-08-30	242	1	38.0282	27
2013-08-30	242	2	39.4366	28
2013-08-31	243	0	21.1268	15
2013-08-31	243	1	38.0282	27
2013-08-31	243	2	40.8451	29
2013-09-01	244	0	22.5352	16
2013-09-01	244	1	36.6197	26
2013-09-01	244	2	40.8451	29
2013-09-02	245	0	23.6111	17
2013-09-02	245	1	36.1111	26
2013-09-02	245	2	40.2778	29
2013-09-03	246	0	21.9178	16
2013-09-03	246	1	36.9863	27
2013-09-03	246	2	41.0959	30
2013-09-04	247	0	21.9178	16
2013-09-04	247	1	35.6164	26
2013-09-04	247	2	42.4658	31
2013-09-05	248	0	21.6216	16
2013-09-05	248	1	36.4865	27
2013-09-05	248	2	41.8919	31
2013-09-06	249	0	22.6667	17
2013-09-06	249	1	34.6667	26
2013-09-06	249	2	42.6667	32
2013-09-07	250	0	22.973	17
2013-09-07	250	1	33.7838	25
2013-09-07	250	2	43.2432	32
2013-09-08	251	0	22.973	17
2013-09-08	251	1	33.7838	25
2013-09-08	251	2	43.2432	32
2013-09-09	252	0	22.973	17
2013-09-09	252	1	33.7838	25
2013-09-09	252	2	43.2432	32
2013-09-10	253	0	22.973	17
2013-09-10	253	1	35.1351	26
2013-09-10	253	2	41.8919	31
2013-09-11	254	0	22.5352	16
2013-09-11	254	1	35.2113	25
2013-09-11	254	2	42.2535	30
2013-09-12	255	0	22.2222	16
2013-09-12	255	1	36.1111	26
2013-09-12	255	2	41.6667	30
2013-09-13	256	0	21.9178	16
2013-09-13	256	1	35.6164	26
2013-09-13	256	2	42.4658	31
2013-09-14	257	0	23.9437	17
2013-09-14	257	1	36.6197	26
2013-09-14	257	2	39.4366	28
2013-09-15	258	0	23.6111	17
2013-09-15	258	1	37.5	27
2013-09-15	258	2	38.8889	28
2013-09-16	259	0	24.2857	17
2013-09-16	259	1	38.5714	27
2013-09-16	259	2	37.1429	26
2013-09-17	260	0	24.6377	17
2013-09-17	260	1	37.6812	26
2013-09-17	260	2	37.6812	26
2013-09-18	261	0	24.6377	17
2013-09-18	261	1	36.2319	25
2013-09-18	261	2	39.1304	27
2013-09-19	262	0	24.2857	17
2013-09-19	262	1	35.7143	25
2013-09-19	262	2	40	28
2013-09-20	263	0	25.7143	18
2013-09-20	263	1	35.7143	25
2013-09-20	263	2	38.5714	27
2013-09-21	264	0	25.7143	18
2013-09-21	264	1	35.7143	25
2013-09-21	264	2	38.5714	27
2013-09-22	265	0	25.7143	18
2013-09-22	265	1	35.7143	25
2013-09-22	265	2	38.5714	27
2013-09-23	266	0	24.2857	17
2013-09-23	266	1	37.1429	26
2013-09-23	266	2	38.5714	27
2013-09-24	267	0	25.7143	18
2013-09-24	267	1	34.2857	24
2013-09-24	267	2	40	28
2013-09-25	268	0	25.3521	18
2013-09-25	268	1	35.2113	25
2013-09-25	268	2	39.4366	28
2013-09-26	269	0	26.0274	19
2013-09-26	269	1	35.6164	26
2013-09-26	269	2	38.3562	28
2013-09-27	270	0	26.7606	19
2013-09-27	270	1	35.2113	25
2013-09-27	270	2	38.0282	27
2013-09-28	271	0	26.087	18
2013-09-28	271	1	36.2319	25
2013-09-28	271	2	37.6812	26
2013-09-29	272	0	26.087	18
2013-09-29	272	1	36.2319	25
2013-09-29	272	2	37.6812	26
2013-09-30	273	0	25.7143	18
2013-09-30	273	1	37.1429	26
2013-09-30	273	2	37.1429	26
2013-10-01	274	0	26.087	18
2013-10-01	274	1	39.1304	27
2013-10-01	274	2	34.7826	24
2013-10-02	275	0	26.7606	19
2013-10-02	275	1	38.0282	27
2013-10-02	275	2	35.2113	25
2013-10-03	276	0	26.3889	19
2013-10-03	276	1	37.5	27
2013-10-03	276	2	36.1111	26
2013-10-04	277	0	26.3889	19
2013-10-04	277	1	36.1111	26
2013-10-04	277	2	37.5	27
2013-10-05	278	0	26.0274	19
2013-10-05	278	1	35.6164	26
2013-10-05	278	2	38.3562	28
2013-10-06	279	0	26.6667	20
2013-10-06	279	1	36	27
2013-10-06	279	2	37.3333	28
2013-10-07	280	0	26.9231	21
2013-10-07	280	1	35.8974	28
2013-10-07	280	2	37.1795	29
2013-10-08	281	0	27.2727	21
2013-10-08	281	1	37.6623	29
2013-10-08	281	2	35.0649	27
2013-10-09	282	0	27.6316	21
2013-10-09	282	1	38.1579	29
2013-10-09	282	2	34.2105	26
2013-10-10	283	0	26.6667	20
2013-10-10	283	1	38.6667	29
2013-10-10	283	2	34.6667	26
2013-10-11	284	0	26.0274	19
2013-10-11	284	1	38.3562	28
2013-10-11	284	2	35.6164	26
2013-10-12	285	0	26.0274	19
2013-10-12	285	1	36.9863	27
2013-10-12	285	2	36.9863	27
2013-10-13	286	0	25.3333	19
2013-10-13	286	1	37.3333	28
2013-10-13	286	2	37.3333	28
2013-10-14	287	0	25	19
2013-10-14	287	1	36.8421	28
2013-10-14	287	2	38.1579	29
2013-10-15	288	0	25	19
2013-10-15	288	1	36.8421	28
2013-10-15	288	2	38.1579	29
2013-10-16	289	0	24.6753	19
2013-10-16	289	1	37.6623	29
2013-10-16	289	2	37.6623	29
2013-10-17	290	0	24.359	19
2013-10-17	290	1	37.1795	29
2013-10-17	290	2	38.4615	30
2013-10-18	291	0	24.359	19
2013-10-18	291	1	38.4615	30
2013-10-18	291	2	37.1795	29
2013-10-19	292	0	24.6753	19
2013-10-19	292	1	38.961	30
2013-10-19	292	2	36.3636	28
2013-10-20	293	0	24.6753	19
2013-10-20	293	1	38.961	30
2013-10-20	293	2	36.3636	28
2013-10-21	294	0	23.6842	18
2013-10-21	294	1	39.4737	30
2013-10-21	294	2	36.8421	28
2013-10-22	295	0	23.6842	18
2013-10-22	295	1	38.1579	29
2013-10-22	295	2	38.1579	29
2013-10-23	296	0	23.6842	18
2013-10-23	296	1	38.1579	29
2013-10-23	296	2	38.1579	29
2013-10-24	297	0	23.3766	18
2013-10-24	297	1	37.6623	29
2013-10-24	297	2	38.961	30
2013-10-25	298	0	24.6753	19
2013-10-25	298	1	36.3636	28
2013-10-25	298	2	38.961	30
2013-10-26	299	0	24.359	19
2013-10-26	299	1	37.1795	29
2013-10-26	299	2	38.4615	30
2013-10-27	300	0	25	20
2013-10-27	300	1	36.25	29
2013-10-27	300	2	38.75	31
2013-10-28	301	0	25	20
2013-10-28	301	1	36.25	29
2013-10-28	301	2	38.75	31
2013-10-29	302	0	25.6098	21
2013-10-29	302	1	35.3659	29
2013-10-29	302	2	39.0244	32
2013-10-30	303	0	25.3012	21
2013-10-30	303	1	34.9398	29
2013-10-30	303	2	39.759	33
2013-10-31	304	0	25.3012	21
2013-10-31	304	1	34.9398	29
2013-10-31	304	2	39.759	33
2013-11-01	305	0	26.25	21
2013-11-01	305	1	33.75	27
2013-11-01	305	2	40	32
2013-11-02	306	0	26.8293	22
2013-11-02	306	1	32.9268	27
2013-11-02	306	2	40.2439	33
2013-11-03	307	0	27.7108	23
2013-11-03	307	1	32.5301	27
2013-11-03	307	2	39.759	33
2013-11-04	308	0	28.9157	24
2013-11-04	308	1	32.5301	27
2013-11-04	308	2	38.5542	32
2013-11-05	309	0	29.6296	24
2013-11-05	309	1	30.8642	25
2013-11-05	309	2	39.5062	32
2013-11-06	310	0	28.75	23
2013-11-06	310	1	32.5	26
2013-11-06	310	2	38.75	31
2013-11-07	311	0	27.5	22
2013-11-07	311	1	32.5	26
2013-11-07	311	2	40	32
2013-11-08	312	0	26.8293	22
2013-11-08	312	1	32.9268	27
2013-11-08	312	2	40.2439	33
2013-11-09	313	0	28.0488	23
2013-11-09	313	1	32.9268	27
2013-11-09	313	2	39.0244	32
2013-11-10	314	0	28.9157	24
2013-11-10	314	1	32.5301	27
2013-11-10	314	2	38.5542	32
2013-11-11	315	0	28.5714	24
2013-11-11	315	1	32.1429	27
2013-11-11	315	2	39.2857	33
2013-11-12	316	0	29.4118	25
2013-11-12	316	1	32.9412	28
2013-11-12	316	2	37.6471	32
2013-11-13	317	0	29.8851	26
2013-11-13	317	1	32.1839	28
2013-11-13	317	2	37.931	33
2013-11-14	318	0	28.4091	25
2013-11-14	318	1	32.9545	29
2013-11-14	318	2	38.6364	34
2013-11-15	319	0	27.5862	24
2013-11-15	319	1	33.3333	29
2013-11-15	319	2	39.0805	34
2013-11-16	320	0	26.7442	23
2013-11-16	320	1	33.7209	29
2013-11-16	320	2	39.5349	34
2013-11-17	321	0	27.0588	23
2013-11-17	321	1	34.1176	29
2013-11-17	321	2	38.8235	33
2013-11-18	322	0	27.5862	24
2013-11-18	322	1	34.4828	30
2013-11-18	322	2	37.931	33
2013-11-19	323	0	27.5862	24
2013-11-19	323	1	35.6322	31
2013-11-19	323	2	36.7816	32
2013-11-20	324	0	26.7442	23
2013-11-20	324	1	37.2093	32
2013-11-20	324	2	36.0465	31
2013-11-21	325	0	27.907	24
2013-11-21	325	1	36.0465	31
2013-11-21	325	2	36.0465	31
2013-11-22	326	0	27.5862	24
2013-11-22	326	1	35.6322	31
2013-11-22	326	2	36.7816	32
2013-11-23	327	0	27.5862	24
2013-11-23	327	1	35.6322	31
2013-11-23	327	2	36.7816	32
2013-11-24	328	0	27.7778	25
2013-11-24	328	1	35.5556	32
2013-11-24	328	2	36.6667	33
2013-11-25	329	0	28.0899	25
2013-11-25	329	1	35.9551	32
2013-11-25	329	2	35.9551	32
2013-11-26	330	0	25.8824	22
2013-11-26	330	1	36.4706	31
2013-11-26	330	2	37.6471	32
2013-11-27	331	0	25.8824	22
2013-11-27	331	1	36.4706	31
2013-11-27	331	2	37.6471	32
2013-11-28	332	0	26.7442	23
2013-11-28	332	1	37.2093	32
2013-11-28	332	2	36.0465	31
2013-11-29	333	0	26.7442	23
2013-11-29	333	1	38.3721	33
2013-11-29	333	2	34.8837	30
2013-11-30	334	0	26.7442	23
2013-11-30	334	1	39.5349	34
2013-11-30	334	2	33.7209	29
2013-12-01	335	0	26.1905	22
2013-12-01	335	1	40.4762	34
2013-12-01	335	2	33.3333	28
2013-12-02	336	0	26.25	21
2013-12-02	336	1	38.75	31
2013-12-02	336	2	35	28
2013-12-03	337	0	26.9231	21
2013-12-03	337	1	38.4615	30
2013-12-03	337	2	34.6154	27
2013-12-04	338	0	27.6316	21
2013-12-04	338	1	38.1579	29
2013-12-04	338	2	34.2105	26
2013-12-05	339	0	27.2727	21
2013-12-05	339	1	38.961	30
2013-12-05	339	2	33.7662	26
2013-12-06	340	0	28.2051	22
2013-12-06	340	1	39.7436	31
2013-12-06	340	2	32.0513	25
2013-12-07	341	0	27.5	22
2013-12-07	341	1	40	32
2013-12-07	341	2	32.5	26
2013-12-08	342	0	27.8481	22
2013-12-08	342	1	39.2405	31
2013-12-08	342	2	32.9114	26
2013-12-09	343	0	28.75	23
2013-12-09	343	1	38.75	31
2013-12-09	343	2	32.5	26
2013-12-10	344	0	29.6296	24
2013-12-10	344	1	39.5062	32
2013-12-10	344	2	30.8642	25
2013-12-11	345	0	30.1205	25
2013-12-11	345	1	38.5542	32
2013-12-11	345	2	31.3253	26
2013-12-12	346	0	30.4878	25
2013-12-12	346	1	37.8049	31
2013-12-12	346	2	31.7073	26
2013-12-13	347	0	31.3253	26
2013-12-13	347	1	36.1446	30
2013-12-13	347	2	32.5301	27
2013-12-14	348	0	30.1205	25
2013-12-14	348	1	36.1446	30
2013-12-14	348	2	33.7349	28
2013-12-15	349	0	31.3253	26
2013-12-15	349	1	34.9398	29
2013-12-15	349	2	33.7349	28
2013-12-16	350	0	30.1205	25
2013-12-16	350	1	36.1446	30
2013-12-16	350	2	33.7349	28
2013-12-17	351	0	30.9524	26
2013-12-17	351	1	34.5238	29
2013-12-17	351	2	34.5238	29
2013-12-18	352	0	31.3253	26
2013-12-18	352	1	34.9398	29
2013-12-18	352	2	33.7349	28
2013-12-19	353	0	33.3333	26
2013-12-19	353	1	32.0513	25
2013-12-19	353	2	34.6154	27
2013-12-20	354	0	35.0649	27
2013-12-20	354	1	31.1688	24
2013-12-20	354	2	33.7662	26
2013-12-21	355	0	34.6154	27
2013-12-21	355	1	30.7692	24
2013-12-21	355	2	34.6154	27
2013-12-22	356	0	35.0649	27
2013-12-22	356	1	32.4675	25
2013-12-22	356	2	32.4675	25
2013-12-23	357	0	34.2105	26
2013-12-23	357	1	31.5789	24
2013-12-23	357	2	34.2105	26
2013-12-24	358	0	33.7662	26
2013-12-24	358	1	32.4675	25
2013-12-24	358	2	33.7662	26
2013-12-25	359	0	33.3333	26
2013-12-25	359	1	33.3333	26
2013-12-25	359	2	33.3333	26
2013-12-26	360	0	32.0513	25
2013-12-26	360	1	34.6154	27
2013-12-26	360	2	33.3333	26
2013-12-27	361	0	31.5789	24
2013-12-27	361	1	34.2105	26
2013-12-27	361	2	34.2105	26
2013-12-28	362	0	31.1688	24
2013-12-28	362	1	33.7662	26
2013-12-28	362	2	35.0649	27
2013-12-29	363	0	30.7692	24
2013-12-29	363	1	33.3333	26
2013-12-29	363	2	35.8974	28
2013-12-30	364	0	32.0513	25
2013-12-30	364	1	32.0513	25
2013-12-30	364	2	35.8974	28
2013-12-31	365	0	33.3333	26
2013-12-31	365	1	30.7692	24
2013-12-31	365	2	35.8974	28
2014-01-01	366	0	32.0513	25
2014-01-01	366	1	30.7692	24
2014-01-01	366	2	37.1795	29
2014-01-02	367	0	32.5	26
2014-01-02	367	1	30	24
2014-01-02	367	2	37.5	30
2014-01-03	368	0	32.9268	27
2014-01-03	368	1	30.4878	25
2014-01-03	368	2	36.5854	30
2014-01-04	369	0	31.3253	26
2014-01-04	369	1	31.3253	26
2014-01-04	369	2	37.3494	31
2014-01-05	370	0	31.3253	26
2014-01-05	370	1	30.1205	25
2014-01-05	370	2	38.5542	32
2014-01-06	371	0	31.3253	26
2014-01-06	371	1	28.9157	24
2014-01-06	371	2	39.759	33
2014-01-07	372	0	30.4878	25
2014-01-07	372	1	29.2683	24
2014-01-07	372	2	40.2439	33
2014-01-08	373	0	29.6296	24
2014-01-08	373	1	28.3951	23
2014-01-08	373	2	41.9753	34
2014-01-09	374	0	27.8481	22
2014-01-09	374	1	30.3797	24
2014-01-09	374	2	41.7722	33
2014-01-10	375	0	25.641	20
2014-01-10	375	1	32.0513	25
2014-01-10	375	2	42.3077	33
2014-01-11	376	0	26.5823	21
2014-01-11	376	1	31.6456	25
2014-01-11	376	2	41.7722	33
2014-01-12	377	0	27.5	22
2014-01-12	377	1	31.25	25
2014-01-12	377	2	41.25	33
2014-01-13	378	0	28.2051	22
2014-01-13	378	1	30.7692	24
2014-01-13	378	2	41.0256	32
2014-01-14	379	0	30.2632	23
2014-01-14	379	1	27.6316	21
2014-01-14	379	2	42.1053	32
2014-01-15	380	0	28.3784	21
2014-01-15	380	1	28.3784	21
2014-01-15	380	2	43.2432	32
2014-01-16	381	0	29.7297	22
2014-01-16	381	1	28.3784	21
2014-01-16	381	2	41.8919	31
2014-01-17	382	0	29.3333	22
2014-01-17	382	1	28	21
2014-01-17	382	2	42.6667	32
2014-01-18	383	0	28.7671	21
2014-01-18	383	1	27.3973	20
2014-01-18	383	2	43.8356	32
2014-01-19	384	0	28.7671	21
2014-01-19	384	1	28.7671	21
2014-01-19	384	2	42.4658	31
2014-01-20	385	0	30.137	22
2014-01-20	385	1	27.3973	20
2014-01-20	385	2	42.4658	31
2014-01-21	386	0	29.7297	22
2014-01-21	386	1	28.3784	21
2014-01-21	386	2	41.8919	31
2014-01-22	387	0	28.7671	21
2014-01-22	387	1	30.137	22
2014-01-22	387	2	41.0959	30
2014-01-23	388	0	29.3333	22
2014-01-23	388	1	30.6667	23
2014-01-23	388	2	40	30
2014-01-24	389	0	29.3333	22
2014-01-24	389	1	32	24
2014-01-24	389	2	38.6667	29
2014-01-25	390	0	30.137	22
2014-01-25	390	1	30.137	22
2014-01-25	390	2	39.726	29
2014-01-26	391	0	29.7297	22
2014-01-26	391	1	29.7297	22
2014-01-26	391	2	40.5405	30
2014-01-27	392	0	30.6667	23
2014-01-27	392	1	29.3333	22
2014-01-27	392	2	40	30
2014-01-28	393	0	29.7297	22
2014-01-28	393	1	29.7297	22
2014-01-28	393	2	40.5405	30
2014-01-29	394	0	29.7297	22
2014-01-29	394	1	29.7297	22
2014-01-29	394	2	40.5405	30
2014-01-30	395	0	29.7297	22
2014-01-30	395	1	29.7297	22
2014-01-30	395	2	40.5405	30
2014-01-31	396	0	29.7297	22
2014-01-31	396	1	31.0811	23
2014-01-31	396	2	39.1892	29
2014-02-01	397	0	29.7297	22
2014-02-01	397	1	29.7297	22
2014-02-01	397	2	40.5405	30
2014-02-02	398	0	28.3784	21
2014-02-02	398	1	31.0811	23
2014-02-02	398	2	40.5405	30
2014-02-03	399	0	28	21
2014-02-03	399	1	30.6667	23
2014-02-03	399	2	41.3333	31
2014-02-04	400	0	27.027	20
2014-02-04	400	1	31.0811	23
2014-02-04	400	2	41.8919	31
2014-02-05	401	0	28.169	20
2014-02-05	401	1	30.9859	22
2014-02-05	401	2	40.8451	29
2014-02-06	402	0	26.7606	19
2014-02-06	402	1	32.3944	23
2014-02-06	402	2	40.8451	29
2014-02-07	403	0	25.7143	18
2014-02-07	403	1	32.8571	23
2014-02-07	403	2	41.4286	29
2014-02-08	404	0	24.6377	17
2014-02-08	404	1	34.7826	24
2014-02-08	404	2	40.5797	28
2014-02-09	405	0	22.8571	16
2014-02-09	405	1	35.7143	25
2014-02-09	405	2	41.4286	29
2014-02-10	406	0	23.1884	16
2014-02-10	406	1	36.2319	25
2014-02-10	406	2	40.5797	28
2014-02-11	407	0	23.5294	16
2014-02-11	407	1	38.2353	26
2014-02-11	407	2	38.2353	26
2014-02-12	408	0	23.5294	16
2014-02-12	408	1	38.2353	26
2014-02-12	408	2	38.2353	26
2014-02-13	409	0	22.3881	15
2014-02-13	409	1	37.3134	25
2014-02-13	409	2	40.2985	27
2014-02-14	410	0	22.3881	15
2014-02-14	410	1	38.806	26
2014-02-14	410	2	38.806	26
2014-02-15	411	0	22.3881	15
2014-02-15	411	1	38.806	26
2014-02-15	411	2	38.806	26
2014-02-16	412	0	20	13
2014-02-16	412	1	38.4615	25
2014-02-16	412	2	41.5385	27
2014-02-17	413	0	18.4615	12
2014-02-17	413	1	38.4615	25
2014-02-17	413	2	43.0769	28
2014-02-18	414	0	19.403	13
2014-02-18	414	1	37.3134	25
2014-02-18	414	2	43.2836	29
2014-02-19	415	0	20.2899	14
2014-02-19	415	1	37.6812	26
2014-02-19	415	2	42.029	29
2014-02-20	416	0	19.1176	13
2014-02-20	416	1	36.7647	25
2014-02-20	416	2	44.1176	30
2014-02-21	417	0	18.5714	13
2014-02-21	417	1	37.1429	26
2014-02-21	417	2	44.2857	31
2014-02-22	418	0	19.1781	14
2014-02-22	418	1	36.9863	27
2014-02-22	418	2	43.8356	32
2014-02-23	419	0	18.0556	13
2014-02-23	419	1	36.1111	26
2014-02-23	419	2	45.8333	33
2014-02-24	420	0	18.0556	13
2014-02-24	420	1	37.5	27
2014-02-24	420	2	44.4444	32
2014-02-25	421	0	18.0556	13
2014-02-25	421	1	37.5	27
2014-02-25	421	2	44.4444	32
2014-02-26	422	0	18.3099	13
2014-02-26	422	1	36.6197	26
2014-02-26	422	2	45.0704	32
2014-02-27	423	0	18.5714	13
2014-02-27	423	1	35.7143	25
2014-02-27	423	2	45.7143	32
2014-02-28	424	0	18.3099	13
2014-02-28	424	1	36.6197	26
2014-02-28	424	2	45.0704	32
2014-03-01	425	0	18.0556	13
2014-03-01	425	1	36.1111	26
2014-03-01	425	2	45.8333	33
2014-03-02	426	0	17.8082	13
2014-03-02	426	1	35.6164	26
2014-03-02	426	2	46.5753	34
2014-03-03	427	0	16.2162	12
2014-03-03	427	1	36.4865	27
2014-03-03	427	2	47.2973	35
2014-03-04	428	0	17.5676	13
2014-03-04	428	1	37.8378	28
2014-03-04	428	2	44.5946	33
2014-03-05	429	0	17.5676	13
2014-03-05	429	1	37.8378	28
2014-03-05	429	2	44.5946	33
2014-03-06	430	0	18.0556	13
2014-03-06	430	1	37.5	27
2014-03-06	430	2	44.4444	32
2014-03-07	431	0	18.9189	14
2014-03-07	431	1	36.4865	27
2014-03-07	431	2	44.5946	33
2014-03-08	432	0	18.6667	14
2014-03-08	432	1	36	27
2014-03-08	432	2	45.3333	34
2014-03-09	433	0	19.4805	15
2014-03-09	433	1	36.3636	28
2014-03-09	433	2	44.1558	34
2014-03-10	434	0	21.0526	16
2014-03-10	434	1	36.8421	28
2014-03-10	434	2	42.1053	32
2014-03-11	435	0	21.3333	16
2014-03-11	435	1	38.6667	29
2014-03-11	435	2	40	30
2014-03-12	436	0	22.973	17
2014-03-12	436	1	36.4865	27
2014-03-12	436	2	40.5405	30
2014-03-13	437	0	23.2877	17
2014-03-13	437	1	35.6164	26
2014-03-13	437	2	41.0959	30
2014-03-14	438	0	23.2877	17
2014-03-14	438	1	35.6164	26
2014-03-14	438	2	41.0959	30
2014-03-15	439	0	22.5352	16
2014-03-15	439	1	33.8028	24
2014-03-15	439	2	43.662	31
2014-03-16	440	0	24.2857	17
2014-03-16	440	1	34.2857	24
2014-03-16	440	2	41.4286	29
2014-03-17	441	0	23.9437	17
2014-03-17	441	1	33.8028	24
2014-03-17	441	2	42.2535	30
2014-03-18	442	0	22.8571	16
2014-03-18	442	1	32.8571	23
2014-03-18	442	2	44.2857	31
2014-03-19	443	0	22.8571	16
2014-03-19	443	1	31.4286	22
2014-03-19	443	2	45.7143	32
2014-03-20	444	0	23.5294	16
2014-03-20	444	1	30.8824	21
2014-03-20	444	2	45.5882	31
2014-03-21	445	0	24.6377	17
2014-03-21	445	1	30.4348	21
2014-03-21	445	2	44.9275	31
2014-03-22	446	0	24.2857	17
2014-03-22	446	1	31.4286	22
2014-03-22	446	2	44.2857	31
2014-03-23	447	0	25.3731	17
2014-03-23	447	1	28.3582	19
2014-03-23	447	2	46.2687	31
2014-03-24	448	0	23.5294	16
2014-03-24	448	1	29.4118	20
2014-03-24	448	2	47.0588	32
2014-03-25	449	0	23.1884	16
2014-03-25	449	1	28.9855	20
2014-03-25	449	2	47.8261	33
2014-03-26	450	0	22.5352	16
2014-03-26	450	1	29.5775	21
2014-03-26	450	2	47.8873	34
2014-03-27	451	0	22.2222	16
2014-03-27	451	1	30.5556	22
2014-03-27	451	2	47.2222	34
2014-03-28	452	0	22.5352	16
2014-03-28	452	1	32.3944	23
2014-03-28	452	2	45.0704	32
2014-03-29	453	0	22.8571	16
2014-03-29	453	1	32.8571	23
2014-03-29	453	2	44.2857	31
2014-03-30	454	0	23.1884	16
2014-03-30	454	1	31.8841	22
2014-03-30	454	2	44.9275	31
2014-03-31	455	0	23.9437	17
2014-03-31	455	1	30.9859	22
2014-03-31	455	2	45.0704	32
2014-04-01	456	0	24.6575	18
2014-04-01	456	1	31.5068	23
2014-04-01	456	2	43.8356	32
2014-04-02	457	0	23.2877	17
2014-04-02	457	1	32.8767	24
2014-04-02	457	2	43.8356	32
2014-04-03	458	0	22.973	17
2014-04-03	458	1	32.4324	24
2014-04-03	458	2	44.5946	33
2014-04-04	459	0	23.6842	18
2014-04-04	459	1	31.5789	24
2014-04-04	459	2	44.7368	34
2014-04-05	460	0	23.6842	18
2014-04-05	460	1	31.5789	24
2014-04-05	460	2	44.7368	34
2014-04-06	461	0	24.3243	18
2014-04-06	461	1	31.0811	23
2014-04-06	461	2	44.5946	33
2014-04-07	462	0	25.3333	19
2014-04-07	462	1	32	24
2014-04-07	462	2	42.6667	32
2014-04-08	463	0	25	19
2014-04-08	463	1	31.5789	24
2014-04-08	463	2	43.4211	33
2014-04-09	464	0	22.973	17
2014-04-09	464	1	32.4324	24
2014-04-09	464	2	44.5946	33
2014-04-10	465	0	23.2877	17
2014-04-10	465	1	30.137	22
2014-04-10	465	2	46.5753	34
2014-04-11	466	0	23.2877	17
2014-04-11	466	1	28.7671	21
2014-04-11	466	2	47.9452	35
2014-04-12	467	0	21.1268	15
2014-04-12	467	1	29.5775	21
2014-04-12	467	2	49.2958	35
2014-04-13	468	0	22.2222	16
2014-04-13	468	1	27.7778	20
2014-04-13	468	2	50	36
2014-04-14	469	0	23.2877	17
2014-04-14	469	1	28.7671	21
2014-04-14	469	2	47.9452	35
2014-04-15	470	0	23.2877	17
2014-04-15	470	1	30.137	22
2014-04-15	470	2	46.5753	34
2014-04-16	471	0	24	18
2014-04-16	471	1	30.6667	23
2014-04-16	471	2	45.3333	34
2014-04-17	472	0	22.973	17
2014-04-17	472	1	31.0811	23
2014-04-17	472	2	45.9459	34
2014-04-18	473	0	21.3333	16
2014-04-18	473	1	32	24
2014-04-18	473	2	46.6667	35
2014-04-19	474	0	20.8333	15
2014-04-19	474	1	30.5556	22
2014-04-19	474	2	48.6111	35
2014-04-20	475	0	22.2222	16
2014-04-20	475	1	30.5556	22
2014-04-20	475	2	47.2222	34
2014-04-21	476	0	22.5352	16
2014-04-21	476	1	28.169	20
2014-04-21	476	2	49.2958	35
2014-04-22	477	0	22.5352	16
2014-04-22	477	1	28.169	20
2014-04-22	477	2	49.2958	35
2014-04-23	478	0	23.2877	17
2014-04-23	478	1	27.3973	20
2014-04-23	478	2	49.3151	36
2014-04-24	479	0	22.5352	16
2014-04-24	479	1	26.7606	19
2014-04-24	479	2	50.7042	36
2014-04-25	480	0	25	17
2014-04-25	480	1	26.4706	18
2014-04-25	480	2	48.5294	33
2014-04-26	481	0	24.6377	17
2014-04-26	481	1	27.5362	19
2014-04-26	481	2	47.8261	33
2014-04-27	482	0	23.9437	17
2014-04-27	482	1	28.169	20
2014-04-27	482	2	47.8873	34
2014-04-28	483	0	23.9437	17
2014-04-28	483	1	28.169	20
2014-04-28	483	2	47.8873	34
2014-04-29	484	0	24.2857	17
2014-04-29	484	1	28.5714	20
2014-04-29	484	2	47.1429	33
2014-04-30	485	0	23.1884	16
2014-04-30	485	1	27.5362	19
2014-04-30	485	2	49.2754	34
2014-05-01	486	0	22.8571	16
2014-05-01	486	1	28.5714	20
2014-05-01	486	2	48.5714	34
2014-05-02	487	0	22.3881	15
2014-05-02	487	1	29.8507	20
2014-05-02	487	2	47.7612	32
2014-05-03	488	0	23.8806	16
2014-05-03	488	1	28.3582	19
2014-05-03	488	2	47.7612	32
2014-05-04	489	0	23.5294	16
2014-05-04	489	1	29.4118	20
2014-05-04	489	2	47.0588	32
2014-05-05	490	0	24.2857	17
2014-05-05	490	1	30	21
2014-05-05	490	2	45.7143	32
2014-05-06	491	0	24.2857	17
2014-05-06	491	1	28.5714	20
2014-05-06	491	2	47.1429	33
2014-05-07	492	0	25	18
2014-05-07	492	1	27.7778	20
2014-05-07	492	2	47.2222	34
2014-05-08	493	0	24.6575	18
2014-05-08	493	1	27.3973	20
2014-05-08	493	2	47.9452	35
2014-05-09	494	0	25	18
2014-05-09	494	1	29.1667	21
2014-05-09	494	2	45.8333	33
2014-05-10	495	0	25.3521	18
2014-05-10	495	1	30.9859	22
2014-05-10	495	2	43.662	31
2014-05-11	496	0	26.3889	19
2014-05-11	496	1	30.5556	22
2014-05-11	496	2	43.0556	31
2014-05-12	497	0	26.4706	18
2014-05-12	497	1	29.4118	20
2014-05-12	497	2	44.1176	30
2014-05-13	498	0	27.5362	19
2014-05-13	498	1	28.9855	20
2014-05-13	498	2	43.4783	30
2014-05-14	499	0	27.9412	19
2014-05-14	499	1	30.8824	21
2014-05-14	499	2	41.1765	28
2014-05-15	500	0	28.5714	20
2014-05-15	500	1	30	21
2014-05-15	500	2	41.4286	29
2014-05-16	501	0	29.5775	21
2014-05-16	501	1	28.169	20
2014-05-16	501	2	42.2535	30
2014-05-17	502	0	29.1667	21
2014-05-17	502	1	27.7778	20
2014-05-17	502	2	43.0556	31
2014-05-18	503	0	27.3973	20
2014-05-18	503	1	28.7671	21
2014-05-18	503	2	43.8356	32
2014-05-19	504	0	28	21
2014-05-19	504	1	29.3333	22
2014-05-19	504	2	42.6667	32
2014-05-20	505	0	27.6316	21
2014-05-20	505	1	28.9474	22
2014-05-20	505	2	43.4211	33
2014-05-21	506	0	28.7671	21
2014-05-21	506	1	28.7671	21
2014-05-21	506	2	42.4658	31
2014-05-22	507	0	28.7671	21
2014-05-22	507	1	28.7671	21
2014-05-22	507	2	42.4658	31
2014-05-23	508	0	28.7671	21
2014-05-23	508	1	28.7671	21
2014-05-23	508	2	42.4658	31
2014-05-24	509	0	28.7671	21
2014-05-24	509	1	28.7671	21
2014-05-24	509	2	42.4658	31
2014-05-25	510	0	27.027	20
2014-05-25	510	1	29.7297	22
2014-05-25	510	2	43.2432	32
2014-05-26	511	0	26.6667	20
2014-05-26	511	1	29.3333	22
2014-05-26	511	2	44	33
2014-05-27	512	0	26.6667	20
2014-05-27	512	1	28	21
2014-05-27	512	2	45.3333	34
2014-05-28	513	0	27.6316	21
2014-05-28	513	1	27.6316	21
2014-05-28	513	2	44.7368	34
2014-05-29	514	0	26.3158	20
2014-05-29	514	1	27.6316	21
2014-05-29	514	2	46.0526	35
2014-05-30	515	0	26.9231	21
2014-05-30	515	1	26.9231	21
2014-05-30	515	2	46.1538	36
2014-05-31	516	0	27.8481	22
2014-05-31	516	1	27.8481	22
2014-05-31	516	2	44.3038	35
2014-06-01	517	0	27.5	22
2014-06-01	517	1	27.5	22
2014-06-01	517	2	45	36
2014-06-02	518	0	27.5	22
2014-06-02	518	1	27.5	22
2014-06-02	518	2	45	36
2014-06-03	519	0	26.9231	21
2014-06-03	519	1	25.641	20
2014-06-03	519	2	47.4359	37
2014-06-04	520	0	27.5	22
2014-06-04	520	1	26.25	21
2014-06-04	520	2	46.25	37
2014-06-05	521	0	27.1605	22
2014-06-05	521	1	25.9259	21
2014-06-05	521	2	46.9136	38
2014-06-06	522	0	27.7108	23
2014-06-06	522	1	26.506	22
2014-06-06	522	2	45.7831	38
2014-06-07	523	0	28.5714	24
2014-06-07	523	1	26.1905	22
2014-06-07	523	2	45.2381	38
2014-06-08	524	0	29.2683	24
2014-06-08	524	1	24.3902	20
2014-06-08	524	2	46.3415	38
2014-06-09	525	0	29.2683	24
2014-06-09	525	1	24.3902	20
2014-06-09	525	2	46.3415	38
2014-06-10	526	0	28.9157	24
2014-06-10	526	1	25.3012	21
2014-06-10	526	2	45.7831	38
2014-06-11	527	0	28.3951	23
2014-06-11	527	1	25.9259	21
2014-06-11	527	2	45.679	37
2014-06-12	528	0	30	24
2014-06-12	528	1	25	20
2014-06-12	528	2	45	36
2014-06-13	529	0	30.8642	25
2014-06-13	529	1	23.4568	19
2014-06-13	529	2	45.679	37
2014-06-14	530	0	30.4878	25
2014-06-14	530	1	23.1707	19
2014-06-14	530	2	46.3415	38
2014-06-15	531	0	29.2683	24
2014-06-15	531	1	23.1707	19
2014-06-15	531	2	47.561	39
2014-06-16	532	0	29.4872	23
2014-06-16	532	1	24.359	19
2014-06-16	532	2	46.1538	36
2014-06-17	533	0	30.3797	24
2014-06-17	533	1	24.0506	19
2014-06-17	533	2	45.5696	36
2014-06-18	534	0	29.1139	23
2014-06-18	534	1	24.0506	19
2014-06-18	534	2	46.8354	37
2014-06-19	535	0	29.2683	24
2014-06-19	535	1	24.3902	20
2014-06-19	535	2	46.3415	38
2014-06-20	536	0	27.7108	23
2014-06-20	536	1	25.3012	21
2014-06-20	536	2	46.988	39
2014-06-21	537	0	26.506	22
2014-06-21	537	1	26.506	22
2014-06-21	537	2	46.988	39
2014-06-22	538	0	26.1905	22
2014-06-22	538	1	26.1905	22
2014-06-22	538	2	47.619	40
2014-06-23	539	0	26.1905	22
2014-06-23	539	1	26.1905	22
2014-06-23	539	2	47.619	40
2014-06-24	540	0	26.1905	22
2014-06-24	540	1	27.381	23
2014-06-24	540	2	46.4286	39
2014-06-25	541	0	26.1905	22
2014-06-25	541	1	27.381	23
2014-06-25	541	2	46.4286	39
2014-06-26	542	0	26.506	22
2014-06-26	542	1	27.7108	23
2014-06-26	542	2	45.7831	38
2014-06-27	543	0	28.0488	23
2014-06-27	543	1	28.0488	23
2014-06-27	543	2	43.9024	36
2014-06-28	544	0	27.8481	22
2014-06-28	544	1	27.8481	22
2014-06-28	544	2	44.3038	35
2014-06-29	545	0	25.974	20
2014-06-29	545	1	28.5714	22
2014-06-29	545	2	45.4545	35
2014-06-30	546	0	25.3333	19
2014-06-30	546	1	29.3333	22
2014-06-30	546	2	45.3333	34
2014-07-01	547	0	25.3333	19
2014-07-01	547	1	29.3333	22
2014-07-01	547	2	45.3333	34
2014-07-02	548	0	24.6753	19
2014-07-02	548	1	29.8701	23
2014-07-02	548	2	45.4545	35
2014-07-03	549	0	25.974	20
2014-07-03	549	1	28.5714	22
2014-07-03	549	2	45.4545	35
2014-07-04	550	0	26.9231	21
2014-07-04	550	1	28.2051	22
2014-07-04	550	2	44.8718	35
2014-07-05	551	0	25.974	20
2014-07-05	551	1	29.8701	23
2014-07-05	551	2	44.1558	34
2014-07-06	552	0	25.3333	19
2014-07-06	552	1	30.6667	23
2014-07-06	552	2	44	33
2014-07-07	553	0	24.6753	19
2014-07-07	553	1	31.1688	24
2014-07-07	553	2	44.1558	34
2014-07-08	554	0	23.3766	18
2014-07-08	554	1	31.1688	24
2014-07-08	554	2	45.4545	35
2014-07-09	555	0	24.359	19
2014-07-09	555	1	30.7692	24
2014-07-09	555	2	44.8718	35
2014-07-10	556	0	24.359	19
2014-07-10	556	1	30.7692	24
2014-07-10	556	2	44.8718	35
2014-07-11	557	0	23.0769	18
2014-07-11	557	1	32.0513	25
2014-07-11	557	2	44.8718	35
2014-07-12	558	0	23.4568	19
2014-07-12	558	1	32.0988	26
2014-07-12	558	2	44.4444	36
2014-07-13	559	0	25.3165	20
2014-07-13	559	1	31.6456	25
2014-07-13	559	2	43.038	34
2014-07-14	560	0	25.9259	21
2014-07-14	560	1	32.0988	26
2014-07-14	560	2	41.9753	34
2014-07-15	561	0	27.2727	21
2014-07-15	561	1	31.1688	24
2014-07-15	561	2	41.5584	32
2014-07-16	562	0	26.3158	20
2014-07-16	562	1	30.2632	23
2014-07-16	562	2	43.4211	33
2014-07-17	563	0	25.974	20
2014-07-17	563	1	31.1688	24
2014-07-17	563	2	42.8571	33
2014-07-18	564	0	25.974	20
2014-07-18	564	1	31.1688	24
2014-07-18	564	2	42.8571	33
2014-07-19	565	0	26.5823	21
2014-07-19	565	1	30.3797	24
2014-07-19	565	2	43.038	34
2014-07-20	566	0	27.2727	21
2014-07-20	566	1	28.5714	22
2014-07-20	566	2	44.1558	34
2014-07-21	567	0	28	21
2014-07-21	567	1	29.3333	22
2014-07-21	567	2	42.6667	32
2014-07-22	568	0	27.027	20
2014-07-22	568	1	29.7297	22
2014-07-22	568	2	43.2432	32
2014-07-23	569	0	27.3973	20
2014-07-23	569	1	30.137	22
2014-07-23	569	2	42.4658	31
2014-07-24	570	0	27.3973	20
2014-07-24	570	1	30.137	22
2014-07-24	570	2	42.4658	31
2014-07-25	571	0	26.0274	19
2014-07-25	571	1	31.5068	23
2014-07-25	571	2	42.4658	31
2014-07-26	572	0	26.0274	19
2014-07-26	572	1	30.137	22
2014-07-26	572	2	43.8356	32
2014-07-27	573	0	26.0274	19
2014-07-27	573	1	30.137	22
2014-07-27	573	2	43.8356	32
2014-07-28	574	0	26.0274	19
2014-07-28	574	1	31.5068	23
2014-07-28	574	2	42.4658	31
2014-07-29	575	0	26.3889	19
2014-07-29	575	1	30.5556	22
2014-07-29	575	2	43.0556	31
2014-07-30	576	0	25	18
2014-07-30	576	1	30.5556	22
2014-07-30	576	2	44.4444	32
2014-07-31	577	0	25.6757	19
2014-07-31	577	1	29.7297	22
2014-07-31	577	2	44.5946	33
2014-08-01	578	0	25.3333	19
2014-08-01	578	1	30.6667	23
2014-08-01	578	2	44	33
2014-08-02	579	0	26.6667	20
2014-08-02	579	1	29.3333	22
2014-08-02	579	2	44	33
2014-08-03	580	0	26.3158	20
2014-08-03	580	1	30.2632	23
2014-08-03	580	2	43.4211	33
2014-08-04	581	0	25.974	20
2014-08-04	581	1	29.8701	23
2014-08-04	581	2	44.1558	34
2014-08-05	582	0	26.25	21
2014-08-05	582	1	30	24
2014-08-05	582	2	43.75	35
2014-08-06	583	0	27.1605	22
2014-08-06	583	1	29.6296	24
2014-08-06	583	2	43.2099	35
2014-08-07	584	0	26.8293	22
2014-08-07	584	1	29.2683	24
2014-08-07	584	2	43.9024	36
2014-08-08	585	0	28.75	23
2014-08-08	585	1	30	24
2014-08-08	585	2	41.25	33
2014-08-09	586	0	28.75	23
2014-08-09	586	1	30	24
2014-08-09	586	2	41.25	33
2014-08-10	587	0	27.1605	22
2014-08-10	587	1	30.8642	25
2014-08-10	587	2	41.9753	34
2014-08-11	588	0	27.1605	22
2014-08-11	588	1	30.8642	25
2014-08-11	588	2	41.9753	34
2014-08-12	589	0	28.3951	23
2014-08-12	589	1	29.6296	24
2014-08-12	589	2	41.9753	34
2014-08-13	590	0	27.8481	22
2014-08-13	590	1	29.1139	23
2014-08-13	590	2	43.038	34
2014-08-14	591	0	27.2727	21
2014-08-14	591	1	27.2727	21
2014-08-14	591	2	45.4545	35
2014-08-15	592	0	25.3333	19
2014-08-15	592	1	28	21
2014-08-15	592	2	46.6667	35
2014-08-16	593	0	25.3333	19
2014-08-16	593	1	29.3333	22
2014-08-16	593	2	45.3333	34
2014-08-17	594	0	25.3333	19
2014-08-17	594	1	28	21
2014-08-17	594	2	46.6667	35
2014-08-18	595	0	24.3243	18
2014-08-18	595	1	28.3784	21
2014-08-18	595	2	47.2973	35
2014-08-19	596	0	25	19
2014-08-19	596	1	28.9474	22
2014-08-19	596	2	46.0526	35
2014-08-20	597	0	25	19
2014-08-20	597	1	28.9474	22
2014-08-20	597	2	46.0526	35
2014-08-21	598	0	26.6667	20
2014-08-21	598	1	29.3333	22
2014-08-21	598	2	44	33
2014-08-22	599	0	25.974	20
2014-08-22	599	1	29.8701	23
2014-08-22	599	2	44.1558	34
2014-08-23	600	0	25	19
2014-08-23	600	1	31.5789	24
2014-08-23	600	2	43.4211	33
2014-08-24	601	0	25.6757	19
2014-08-24	601	1	32.4324	24
2014-08-24	601	2	41.8919	31
2014-08-25	602	0	24.3243	18
2014-08-25	602	1	32.4324	24
2014-08-25	602	2	43.2432	32
2014-08-26	603	0	24.6575	18
2014-08-26	603	1	31.5068	23
2014-08-26	603	2	43.8356	32
2014-08-27	604	0	22.973	17
2014-08-27	604	1	32.4324	24
2014-08-27	604	2	44.5946	33
2014-08-28	605	0	22.3684	17
2014-08-28	605	1	32.8947	25
2014-08-28	605	2	44.7368	34
2014-08-29	606	0	22.3684	17
2014-08-29	606	1	34.2105	26
2014-08-29	606	2	43.4211	33
2014-08-30	607	0	22.0779	17
2014-08-30	607	1	35.0649	27
2014-08-30	607	2	42.8571	33
2014-08-31	608	0	22.3684	17
2014-08-31	608	1	35.5263	27
2014-08-31	608	2	42.1053	32
2014-09-01	609	0	22.6667	17
2014-09-01	609	1	36	27
2014-09-01	609	2	41.3333	31
2014-09-02	610	0	22.3684	17
2014-09-02	610	1	36.8421	28
2014-09-02	610	2	40.7895	31
2014-09-03	611	0	23.0769	18
2014-09-03	611	1	35.8974	28
2014-09-03	611	2	41.0256	32
2014-09-04	612	0	22.7848	18
2014-09-04	612	1	36.7089	29
2014-09-04	612	2	40.5063	32
2014-09-05	613	0	22.7848	18
2014-09-05	613	1	36.7089	29
2014-09-05	613	2	40.5063	32
2014-09-06	614	0	23.75	19
2014-09-06	614	1	35	28
2014-09-06	614	2	41.25	33
2014-09-07	615	0	21.25	17
2014-09-07	615	1	36.25	29
2014-09-07	615	2	42.5	34
2014-09-08	616	0	20.9877	17
2014-09-08	616	1	37.037	30
2014-09-08	616	2	41.9753	34
2014-09-09	617	0	21.6867	18
2014-09-09	617	1	36.1446	30
2014-09-09	617	2	42.1687	35
2014-09-10	618	0	21.9512	18
2014-09-10	618	1	36.5854	30
2014-09-10	618	2	41.4634	34
2014-09-11	619	0	20.9877	17
2014-09-11	619	1	38.2716	31
2014-09-11	619	2	40.7407	33
2014-09-12	620	0	21.7949	17
2014-09-12	620	1	38.4615	30
2014-09-12	620	2	39.7436	31
2014-09-13	621	0	20.5128	16
2014-09-13	621	1	38.4615	30
2014-09-13	621	2	41.0256	32
2014-09-14	622	0	20.5128	16
2014-09-14	622	1	38.4615	30
2014-09-14	622	2	41.0256	32
2014-09-15	623	0	20	15
2014-09-15	623	1	38.6667	29
2014-09-15	623	2	41.3333	31
2014-09-16	624	0	20.2703	15
2014-09-16	624	1	39.1892	29
2014-09-16	624	2	40.5405	30
2014-09-17	625	0	19.4444	14
2014-09-17	625	1	41.6667	30
2014-09-17	625	2	38.8889	28
2014-09-18	626	0	20.2703	15
2014-09-18	626	1	40.5405	30
2014-09-18	626	2	39.1892	29
2014-09-19	627	0	20	15
2014-09-19	627	1	41.3333	31
2014-09-19	627	2	38.6667	29
2014-09-20	628	0	20.5128	16
2014-09-20	628	1	41.0256	32
2014-09-20	628	2	38.4615	30
2014-09-21	629	0	21.3333	16
2014-09-21	629	1	38.6667	29
2014-09-21	629	2	40	30
2014-09-22	630	0	21.3333	16
2014-09-22	630	1	37.3333	28
2014-09-22	630	2	41.3333	31
2014-09-23	631	0	21.3333	16
2014-09-23	631	1	38.6667	29
2014-09-23	631	2	40	30
2014-09-24	632	0	21.3333	16
2014-09-24	632	1	38.6667	29
2014-09-24	632	2	40	30
2014-09-25	633	0	22.6667	17
2014-09-25	633	1	37.3333	28
2014-09-25	633	2	40	30
2014-09-26	634	0	23.3766	18
2014-09-26	634	1	36.3636	28
2014-09-26	634	2	40.2597	31
2014-09-27	635	0	23.6842	18
2014-09-27	635	1	36.8421	28
2014-09-27	635	2	39.4737	30
2014-09-28	636	0	23.3766	18
2014-09-28	636	1	37.6623	29
2014-09-28	636	2	38.961	30
2014-09-29	637	0	23.3766	18
2014-09-29	637	1	38.961	30
2014-09-29	637	2	37.6623	29
2014-09-30	638	0	24.6753	19
2014-09-30	638	1	37.6623	29
2014-09-30	638	2	37.6623	29
2014-10-01	639	0	24.6753	19
2014-10-01	639	1	36.3636	28
2014-10-01	639	2	38.961	30
2014-10-02	640	0	25	19
2014-10-02	640	1	35.5263	27
2014-10-02	640	2	39.4737	30
2014-10-03	641	0	24.6753	19
2014-10-03	641	1	35.0649	27
2014-10-03	641	2	40.2597	31
2014-10-04	642	0	24.0506	19
2014-10-04	642	1	35.443	28
2014-10-04	642	2	40.5063	32
2014-10-05	643	0	23.3766	18
2014-10-05	643	1	37.6623	29
2014-10-05	643	2	38.961	30
2014-10-06	644	0	24.0506	19
2014-10-06	644	1	37.9747	30
2014-10-06	644	2	37.9747	30
2014-10-07	645	0	25	20
2014-10-07	645	1	37.5	30
2014-10-07	645	2	37.5	30
2014-10-08	646	0	25.9259	21
2014-10-08	646	1	37.037	30
2014-10-08	646	2	37.037	30
2014-10-09	647	0	24.3902	20
2014-10-09	647	1	37.8049	31
2014-10-09	647	2	37.8049	31
2014-10-10	648	0	23.4568	19
2014-10-10	648	1	38.2716	31
2014-10-10	648	2	38.2716	31
2014-10-11	649	0	23.1707	19
2014-10-11	649	1	37.8049	31
2014-10-11	649	2	39.0244	32
2014-10-12	650	0	23.1707	19
2014-10-12	650	1	37.8049	31
2014-10-12	650	2	39.0244	32
2014-10-13	651	0	25	20
2014-10-13	651	1	36.25	29
2014-10-13	651	2	38.75	31
2014-10-14	652	0	26.5823	21
2014-10-14	652	1	32.9114	26
2014-10-14	652	2	40.5063	32
2014-10-15	653	0	26.25	21
2014-10-15	653	1	32.5	26
2014-10-15	653	2	41.25	33
2014-10-16	654	0	26.9231	21
2014-10-16	654	1	34.6154	27
2014-10-16	654	2	38.4615	30
2014-10-17	655	0	24.6753	19
2014-10-17	655	1	35.0649	27
2014-10-17	655	2	40.2597	31
2014-10-18	656	0	23.3766	18
2014-10-18	656	1	36.3636	28
2014-10-18	656	2	40.2597	31
2014-10-19	657	0	22.0779	17
2014-10-19	657	1	36.3636	28
2014-10-19	657	2	41.5584	32
2014-10-20	658	0	22.6667	17
2014-10-20	658	1	34.6667	26
2014-10-20	658	2	42.6667	32
2014-10-21	659	0	22.973	17
2014-10-21	659	1	35.1351	26
2014-10-21	659	2	41.8919	31
2014-10-22	660	0	22.973	17
2014-10-22	660	1	35.1351	26
2014-10-22	660	2	41.8919	31
2014-10-23	661	0	22.8571	16
2014-10-23	661	1	34.2857	24
2014-10-23	661	2	42.8571	30
2014-10-24	662	0	22.0588	15
2014-10-24	662	1	35.2941	24
2014-10-24	662	2	42.6471	29
2014-10-25	663	0	20.8955	14
2014-10-25	663	1	34.3284	23
2014-10-25	663	2	44.7761	30
2014-10-26	664	0	22.2222	14
2014-10-26	664	1	33.3333	21
2014-10-26	664	2	44.4444	28
2014-10-27	665	0	23.0769	15
2014-10-27	665	1	32.3077	21
2014-10-27	665	2	44.6154	29
2014-10-28	666	0	23.8806	16
2014-10-28	666	1	31.3433	21
2014-10-28	666	2	44.7761	30
2014-10-29	667	0	25	17
2014-10-29	667	1	30.8824	21
2014-10-29	667	2	44.1176	30
2014-10-30	668	0	26.4706	18
2014-10-30	668	1	29.4118	20
2014-10-30	668	2	44.1176	30
2014-10-31	669	0	26.4706	18
2014-10-31	669	1	29.4118	20
2014-10-31	669	2	44.1176	30
2014-11-01	670	0	25	17
2014-11-01	670	1	30.8824	21
2014-11-01	670	2	44.1176	30
2014-11-02	671	0	24.6377	17
2014-11-02	671	1	30.4348	21
2014-11-02	671	2	44.9275	31
2014-11-03	672	0	24.2857	17
2014-11-03	672	1	31.4286	22
2014-11-03	672	2	44.2857	31
2014-11-04	673	0	23.9437	17
2014-11-04	673	1	32.3944	23
2014-11-04	673	2	43.662	31
2014-11-05	674	0	23.6111	17
2014-11-05	674	1	31.9444	23
2014-11-05	674	2	44.4444	32
2014-11-06	675	0	21.7391	15
2014-11-06	675	1	31.8841	22
2014-11-06	675	2	46.3768	32
2014-11-07	676	0	21.4286	15
2014-11-07	676	1	32.8571	23
2014-11-07	676	2	45.7143	32
2014-11-08	677	0	21.1268	15
2014-11-08	677	1	32.3944	23
2014-11-08	677	2	46.4789	33
2014-11-09	678	0	22.8571	16
2014-11-09	678	1	30	21
2014-11-09	678	2	47.1429	33
2014-11-10	679	0	23.1884	16
2014-11-10	679	1	30.4348	21
2014-11-10	679	2	46.3768	32
2014-11-11	680	0	24.6377	17
2014-11-11	680	1	30.4348	21
2014-11-11	680	2	44.9275	31
2014-11-12	681	0	23.1884	16
2014-11-12	681	1	30.4348	21
2014-11-12	681	2	46.3768	32
2014-11-13	682	0	23.5294	16
2014-11-13	682	1	30.8824	21
2014-11-13	682	2	45.5882	31
2014-11-14	683	0	23.1884	16
2014-11-14	683	1	30.4348	21
2014-11-14	683	2	46.3768	32
2014-11-15	684	0	23.5294	16
2014-11-15	684	1	30.8824	21
2014-11-15	684	2	45.5882	31
2014-11-16	685	0	24.2857	17
2014-11-16	685	1	30	21
2014-11-16	685	2	45.7143	32
2014-11-17	686	0	23.6111	17
2014-11-17	686	1	30.5556	22
2014-11-17	686	2	45.8333	33
2014-11-18	687	0	23.2877	17
2014-11-18	687	1	30.137	22
2014-11-18	687	2	46.5753	34
2014-11-19	688	0	23.2877	17
2014-11-19	688	1	30.137	22
2014-11-19	688	2	46.5753	34
2014-11-20	689	0	24.3243	18
2014-11-20	689	1	28.3784	21
2014-11-20	689	2	47.2973	35
2014-11-21	690	0	25	19
2014-11-21	690	1	27.6316	21
2014-11-21	690	2	47.3684	36
2014-11-22	691	0	25	19
2014-11-22	691	1	27.6316	21
2014-11-22	691	2	47.3684	36
2014-11-23	692	0	23.2877	17
2014-11-23	692	1	27.3973	20
2014-11-23	692	2	49.3151	36
2014-11-24	693	0	22.973	17
2014-11-24	693	1	27.027	20
2014-11-24	693	2	50	37
2014-11-25	694	0	24.6575	18
2014-11-25	694	1	26.0274	19
2014-11-25	694	2	49.3151	36
2014-11-26	695	0	24.3243	18
2014-11-26	695	1	27.027	20
2014-11-26	695	2	48.6486	36
2014-11-27	696	0	23.6842	18
2014-11-27	696	1	27.6316	21
2014-11-27	696	2	48.6842	37
2014-11-28	697	0	22.3684	17
2014-11-28	697	1	27.6316	21
2014-11-28	697	2	50	38
2014-11-29	698	0	23.6842	18
2014-11-29	698	1	26.3158	20
2014-11-29	698	2	50	38
2014-11-30	699	0	24	18
2014-11-30	699	1	26.6667	20
2014-11-30	699	2	49.3333	37
2014-12-01	700	0	22.6667	17
2014-12-01	700	1	28	21
2014-12-01	700	2	49.3333	37
2014-12-02	701	0	23.3766	18
2014-12-02	701	1	27.2727	21
2014-12-02	701	2	49.3506	38
2014-12-03	702	0	23.0769	18
2014-12-03	702	1	26.9231	21
2014-12-03	702	2	50	39
2014-12-04	703	0	23.0769	18
2014-12-04	703	1	28.2051	22
2014-12-04	703	2	48.7179	38
2014-12-05	704	0	23.0769	18
2014-12-05	704	1	26.9231	21
2014-12-05	704	2	50	39
2014-12-06	705	0	23.6842	18
2014-12-06	705	1	27.6316	21
2014-12-06	705	2	48.6842	37
2014-12-07	706	0	23.3766	18
2014-12-07	706	1	27.2727	21
2014-12-07	706	2	49.3506	38
2014-12-08	707	0	23.0769	18
2014-12-08	707	1	28.2051	22
2014-12-08	707	2	48.7179	38
2014-12-09	708	0	23.75	19
2014-12-09	708	1	28.75	23
2014-12-09	708	2	47.5	38
2014-12-10	709	0	22.2222	18
2014-12-10	709	1	29.6296	24
2014-12-10	709	2	48.1481	39
2014-12-11	710	0	23.0769	18
2014-12-11	710	1	30.7692	24
2014-12-11	710	2	46.1538	36
2014-12-12	711	0	24.0506	19
2014-12-12	711	1	30.3797	24
2014-12-12	711	2	45.5696	36
2014-12-13	712	0	23.75	19
2014-12-13	712	1	30	24
2014-12-13	712	2	46.25	37
2014-12-14	713	0	23.75	19
2014-12-14	713	1	30	24
2014-12-14	713	2	46.25	37
2014-12-15	714	0	22.3684	17
2014-12-15	714	1	31.5789	24
2014-12-15	714	2	46.0526	35
2014-12-16	715	0	21.7949	17
2014-12-16	715	1	32.0513	25
2014-12-16	715	2	46.1538	36
2014-12-17	716	0	22.5	18
2014-12-17	716	1	31.25	25
2014-12-17	716	2	46.25	37
2014-12-18	717	0	22.8916	19
2014-12-18	717	1	31.3253	26
2014-12-18	717	2	45.7831	38
2014-12-19	718	0	22.5	18
2014-12-19	718	1	31.25	25
2014-12-19	718	2	46.25	37
2014-12-20	719	0	22.2222	18
2014-12-20	719	1	32.0988	26
2014-12-20	719	2	45.679	37
2014-12-21	720	0	23.1707	19
2014-12-21	720	1	30.4878	25
2014-12-21	720	2	46.3415	38
2014-12-22	721	0	21.9512	18
2014-12-22	721	1	31.7073	26
2014-12-22	721	2	46.3415	38
2014-12-23	722	0	22.619	19
2014-12-23	722	1	32.1429	27
2014-12-23	722	2	45.2381	38
2014-12-24	723	0	22.3529	19
2014-12-24	723	1	31.7647	27
2014-12-24	723	2	45.8824	39
2014-12-25	724	0	22.8916	19
2014-12-25	724	1	31.3253	26
2014-12-25	724	2	45.7831	38
2014-12-26	725	0	22.619	19
2014-12-26	725	1	30.9524	26
2014-12-26	725	2	46.4286	39
2014-12-27	726	0	23.2558	20
2014-12-27	726	1	31.3953	27
2014-12-27	726	2	45.3488	39
2014-12-28	727	0	23.5955	21
2014-12-28	727	1	31.4607	28
2014-12-28	727	2	44.9438	40
2014-12-29	728	0	22.7273	20
2014-12-29	728	1	31.8182	28
2014-12-29	728	2	45.4545	40
2014-12-30	729	0	21.8391	19
2014-12-30	729	1	32.1839	28
2014-12-30	729	2	45.977	40
2014-12-31	730	0	22.4719	20
2014-12-31	730	1	32.5843	29
2014-12-31	730	2	44.9438	40
2015-01-01	731	0	22.7273	20
2015-01-01	731	1	32.9545	29
2015-01-01	731	2	44.3182	39
2015-01-02	732	0	23.5294	20
2015-01-02	732	1	31.7647	27
2015-01-02	732	2	44.7059	38
2015-01-03	733	0	23.2558	20
2015-01-03	733	1	31.3953	27
2015-01-03	733	2	45.3488	39
2015-01-04	734	0	23.8636	21
2015-01-04	734	1	30.6818	27
2015-01-04	734	2	45.4545	40
2015-01-05	735	0	23.8636	21
2015-01-05	735	1	30.6818	27
2015-01-05	735	2	45.4545	40
2015-01-06	736	0	24.1379	21
2015-01-06	736	1	32.1839	28
2015-01-06	736	2	43.6782	38
2015-01-07	737	0	25.5814	22
2015-01-07	737	1	30.2326	26
2015-01-07	737	2	44.186	38
2015-01-08	738	0	26.4368	23
2015-01-08	738	1	29.8851	26
2015-01-08	738	2	43.6782	38
2015-01-09	739	0	25.8824	22
2015-01-09	739	1	29.4118	25
2015-01-09	739	2	44.7059	38
2015-01-10	740	0	26.7442	23
2015-01-10	740	1	29.0698	25
2015-01-10	740	2	44.186	38
2015-01-11	741	0	26.7442	23
2015-01-11	741	1	29.0698	25
2015-01-11	741	2	44.186	38
2015-01-12	742	0	26.1905	22
2015-01-12	742	1	28.5714	24
2015-01-12	742	2	45.2381	38
2015-01-13	743	0	26.1905	22
2015-01-13	743	1	28.5714	24
2015-01-13	743	2	45.2381	38
2015-01-14	744	0	26.1905	22
2015-01-14	744	1	28.5714	24
2015-01-14	744	2	45.2381	38
2015-01-15	745	0	25.5814	22
2015-01-15	745	1	29.0698	25
2015-01-15	745	2	45.3488	39
2015-01-16	746	0	24.4186	21
2015-01-16	746	1	30.2326	26
2015-01-16	746	2	45.3488	39
2015-01-17	747	0	23.5294	20
2015-01-17	747	1	29.4118	25
2015-01-17	747	2	47.0588	40
2015-01-18	748	0	23.5294	20
2015-01-18	748	1	29.4118	25
2015-01-18	748	2	47.0588	40
2015-01-19	749	0	23.8095	20
2015-01-19	749	1	29.7619	25
2015-01-19	749	2	46.4286	39
2015-01-20	750	0	24.0964	20
2015-01-20	750	1	30.1205	25
2015-01-20	750	2	45.7831	38
2015-01-21	751	0	23.5294	20
2015-01-21	751	1	30.5882	26
2015-01-21	751	2	45.8824	39
2015-01-22	752	0	22.619	19
2015-01-22	752	1	32.1429	27
2015-01-22	752	2	45.2381	38
2015-01-23	753	0	24.0506	19
2015-01-23	753	1	31.6456	25
2015-01-23	753	2	44.3038	35
2015-01-24	754	0	23.75	19
2015-01-24	754	1	31.25	25
2015-01-24	754	2	45	36
2015-01-25	755	0	23.75	19
2015-01-25	755	1	31.25	25
2015-01-25	755	2	45	36
2015-01-26	756	0	25	20
2015-01-26	756	1	31.25	25
2015-01-26	756	2	43.75	35
2015-01-27	757	0	26.25	21
2015-01-27	757	1	30	24
2015-01-27	757	2	43.75	35
2015-01-28	758	0	26.506	22
2015-01-28	758	1	30.1205	25
2015-01-28	758	2	43.3735	36
2015-01-29	759	0	26.1905	22
2015-01-29	759	1	30.9524	26
2015-01-29	759	2	42.8571	36
2015-01-30	760	0	26.4368	23
2015-01-30	760	1	31.0345	27
2015-01-30	760	2	42.5287	37
2015-01-31	761	0	26.4368	23
2015-01-31	761	1	31.0345	27
2015-01-31	761	2	42.5287	37
2015-02-01	762	0	26.4368	23
2015-02-01	762	1	31.0345	27
2015-02-01	762	2	42.5287	37
2015-02-02	763	0	25.8427	23
2015-02-02	763	1	31.4607	28
2015-02-02	763	2	42.6966	38
2015-02-03	764	0	25.8427	23
2015-02-03	764	1	32.5843	29
2015-02-03	764	2	41.573	37
2015-02-04	765	0	26.6667	24
2015-02-04	765	1	31.1111	28
2015-02-04	765	2	42.2222	38
2015-02-05	766	0	26.1364	23
2015-02-05	766	1	30.6818	27
2015-02-05	766	2	43.1818	38
2015-02-06	767	0	25.5556	23
2015-02-06	767	1	31.1111	28
2015-02-06	767	2	43.3333	39
2015-02-07	768	0	24.4444	22
2015-02-07	768	1	31.1111	28
2015-02-07	768	2	44.4444	40
2015-02-08	769	0	24.7191	22
2015-02-08	769	1	30.3371	27
2015-02-08	769	2	44.9438	40
2015-02-09	770	0	24.4444	22
2015-02-09	770	1	30	27
2015-02-09	770	2	45.5556	41
2015-02-10	771	0	25.2747	23
2015-02-10	771	1	29.6703	27
2015-02-10	771	2	45.0549	41
2015-02-11	772	0	25.2747	23
2015-02-11	772	1	29.6703	27
2015-02-11	772	2	45.0549	41
2015-02-12	773	0	24.4444	22
2015-02-12	773	1	30	27
2015-02-12	773	2	45.5556	41
2015-02-13	774	0	25.2747	23
2015-02-13	774	1	29.6703	27
2015-02-13	774	2	45.0549	41
2015-02-14	775	0	25	23
2015-02-14	775	1	30.4348	28
2015-02-14	775	2	44.5652	41
2015-02-15	776	0	25	23
2015-02-15	776	1	30.4348	28
2015-02-15	776	2	44.5652	41
2015-02-16	777	0	24.1758	22
2015-02-16	777	1	30.7692	28
2015-02-16	777	2	45.0549	41
2015-02-17	778	0	25.5556	23
2015-02-17	778	1	28.8889	26
2015-02-17	778	2	45.5556	41
2015-02-18	779	0	26.9663	24
2015-02-18	779	1	28.0899	25
2015-02-18	779	2	44.9438	40
2015-02-19	780	0	26.1364	23
2015-02-19	780	1	28.4091	25
2015-02-19	780	2	45.4545	40
2015-02-20	781	0	25.2874	22
2015-02-20	781	1	29.8851	26
2015-02-20	781	2	44.8276	39
2015-02-21	782	0	26.1905	22
2015-02-21	782	1	29.7619	25
2015-02-21	782	2	44.0476	37
2015-02-22	783	0	26.4368	23
2015-02-22	783	1	29.8851	26
2015-02-22	783	2	43.6782	38
2015-02-23	784	0	27.0588	23
2015-02-23	784	1	28.2353	24
2015-02-23	784	2	44.7059	38
2015-02-24	785	0	27.5862	24
2015-02-24	785	1	27.5862	24
2015-02-24	785	2	44.8276	39
2015-02-25	786	0	27.907	24
2015-02-25	786	1	26.7442	23
2015-02-25	786	2	45.3488	39
2015-02-26	787	0	26.1905	22
2015-02-26	787	1	27.381	23
2015-02-26	787	2	46.4286	39
2015-02-27	788	0	27.7108	23
2015-02-27	788	1	27.7108	23
2015-02-27	788	2	44.5783	37
2015-02-28	789	0	26.8293	22
2015-02-28	789	1	29.2683	24
2015-02-28	789	2	43.9024	36
2015-03-01	790	0	26.5823	21
2015-03-01	790	1	27.8481	22
2015-03-01	790	2	45.5696	36
2015-03-02	791	0	25.974	20
2015-03-02	791	1	28.5714	22
2015-03-02	791	2	45.4545	35
2015-03-03	792	0	25	19
2015-03-03	792	1	27.6316	21
2015-03-03	792	2	47.3684	36
2015-03-04	793	0	25	19
2015-03-04	793	1	28.9474	22
2015-03-04	793	2	46.0526	35
2015-03-05	794	0	24.3243	18
2015-03-05	794	1	27.027	20
2015-03-05	794	2	48.6486	36
2015-03-06	795	0	20.5479	15
2015-03-06	795	1	28.7671	21
2015-03-06	795	2	50.6849	37
2015-03-07	796	0	21.3333	16
2015-03-07	796	1	29.3333	22
2015-03-07	796	2	49.3333	37
2015-03-08	797	0	22.2222	16
2015-03-08	797	1	27.7778	20
2015-03-08	797	2	50	36
2015-03-09	798	0	23.2877	17
2015-03-09	798	1	27.3973	20
2015-03-09	798	2	49.3151	36
2015-03-10	799	0	23.9437	17
2015-03-10	799	1	28.169	20
2015-03-10	799	2	47.8873	34
2015-03-11	800	0	23.9437	17
2015-03-11	800	1	29.5775	21
2015-03-11	800	2	46.4789	33
2015-03-12	801	0	23.9437	17
2015-03-12	801	1	29.5775	21
2015-03-12	801	2	46.4789	33
2015-03-13	802	0	26.4706	18
2015-03-13	802	1	29.4118	20
2015-03-13	802	2	44.1176	30
2015-03-14	803	0	23.8806	16
2015-03-14	803	1	29.8507	20
2015-03-14	803	2	46.2687	31
2015-03-15	804	0	23.8806	16
2015-03-15	804	1	29.8507	20
2015-03-15	804	2	46.2687	31
2015-03-16	805	0	24.2424	16
2015-03-16	805	1	30.303	20
2015-03-16	805	2	45.4545	30
2015-03-17	806	0	24.2424	16
2015-03-17	806	1	31.8182	21
2015-03-17	806	2	43.9394	29
2015-03-18	807	0	24.6154	16
2015-03-18	807	1	32.3077	21
2015-03-18	807	2	43.0769	28
2015-03-19	808	0	23.0769	15
2015-03-19	808	1	32.3077	21
2015-03-19	808	2	44.6154	29
2015-03-20	809	0	23.5294	16
2015-03-20	809	1	32.3529	22
2015-03-20	809	2	44.1176	30
2015-03-21	810	0	22.7273	15
2015-03-21	810	1	33.3333	22
2015-03-21	810	2	43.9394	29
2015-03-22	811	0	23.5294	16
2015-03-22	811	1	33.8235	23
2015-03-22	811	2	42.6471	29
2015-03-23	812	0	23.5294	16
2015-03-23	812	1	32.3529	22
2015-03-23	812	2	44.1176	30
2015-03-24	813	0	23.8806	16
2015-03-24	813	1	32.8358	22
2015-03-24	813	2	43.2836	29
2015-03-25	814	0	25	17
2015-03-25	814	1	32.3529	22
2015-03-25	814	2	42.6471	29
2015-03-26	815	0	24.6377	17
2015-03-26	815	1	33.3333	23
2015-03-26	815	2	42.029	29
2015-03-27	816	0	23.5294	16
2015-03-27	816	1	33.8235	23
2015-03-27	816	2	42.6471	29
2015-03-28	817	0	25	17
2015-03-28	817	1	35.2941	24
2015-03-28	817	2	39.7059	27
2015-03-29	818	0	23.8806	16
2015-03-29	818	1	35.8209	24
2015-03-29	818	2	40.2985	27
2015-03-30	819	0	24.6377	17
2015-03-30	819	1	36.2319	25
2015-03-30	819	2	39.1304	27
2015-03-31	820	0	24.2857	17
2015-03-31	820	1	35.7143	25
2015-03-31	820	2	40	28
2015-04-01	821	0	23.9437	17
2015-04-01	821	1	35.2113	25
2015-04-01	821	2	40.8451	29
2015-04-02	822	0	24.2857	17
2015-04-02	822	1	35.7143	25
2015-04-02	822	2	40	28
2015-04-03	823	0	24.2857	17
2015-04-03	823	1	35.7143	25
2015-04-03	823	2	40	28
2015-04-04	824	0	24.2857	17
2015-04-04	824	1	34.2857	24
2015-04-04	824	2	41.4286	29
2015-04-05	825	0	22.8571	16
2015-04-05	825	1	34.2857	24
2015-04-05	825	2	42.8571	30
2015-04-06	826	0	23.1884	16
2015-04-06	826	1	33.3333	23
2015-04-06	826	2	43.4783	30
2015-04-07	827	0	24.6377	17
2015-04-07	827	1	33.3333	23
2015-04-07	827	2	42.029	29
2015-04-08	828	0	23.8806	16
2015-04-08	828	1	34.3284	23
2015-04-08	828	2	41.791	28
2015-04-09	829	0	23.8806	16
2015-04-09	829	1	34.3284	23
2015-04-09	829	2	41.791	28
2015-04-10	830	0	21.5385	14
2015-04-10	830	1	33.8462	22
2015-04-10	830	2	44.6154	29
2015-04-11	831	0	22.7273	15
2015-04-11	831	1	34.8485	23
2015-04-11	831	2	42.4242	28
2015-04-12	832	0	24.2424	16
2015-04-12	832	1	33.3333	22
2015-04-12	832	2	42.4242	28
2015-04-13	833	0	23.5294	16
2015-04-13	833	1	33.8235	23
2015-04-13	833	2	42.6471	29
2015-04-14	834	0	22.0588	15
2015-04-14	834	1	35.2941	24
2015-04-14	834	2	42.6471	29
2015-04-15	835	0	23.5294	16
2015-04-15	835	1	35.2941	24
2015-04-15	835	2	41.1765	28
2015-04-16	836	0	25.7576	17
2015-04-16	836	1	31.8182	21
2015-04-16	836	2	42.4242	28
2015-04-17	837	0	26.8657	18
2015-04-17	837	1	29.8507	20
2015-04-17	837	2	43.2836	29
2015-04-18	838	0	23.8806	16
2015-04-18	838	1	31.3433	21
2015-04-18	838	2	44.7761	30
2015-04-19	839	0	25	17
2015-04-19	839	1	30.8824	21
2015-04-19	839	2	44.1176	30
2015-04-20	840	0	25.3731	17
2015-04-20	840	1	31.3433	21
2015-04-20	840	2	43.2836	29
2015-04-21	841	0	25	17
2015-04-21	841	1	32.3529	22
2015-04-21	841	2	42.6471	29
2015-04-22	842	0	25	17
2015-04-22	842	1	32.3529	22
2015-04-22	842	2	42.6471	29
2015-04-23	843	0	25.3521	18
2015-04-23	843	1	32.3944	23
2015-04-23	843	2	42.2535	30
2015-04-24	844	0	25.3521	18
2015-04-24	844	1	32.3944	23
2015-04-24	844	2	42.2535	30
2015-04-25	845	0	25.3521	18
2015-04-25	845	1	33.8028	24
2015-04-25	845	2	40.8451	29
2015-04-26	846	0	25.3521	18
2015-04-26	846	1	33.8028	24
2015-04-26	846	2	40.8451	29
2015-04-27	847	0	25.3521	18
2015-04-27	847	1	32.3944	23
2015-04-27	847	2	42.2535	30
2015-04-28	848	0	25.3521	18
2015-04-28	848	1	33.8028	24
2015-04-28	848	2	40.8451	29
2015-04-29	849	0	25.7143	18
2015-04-29	849	1	35.7143	25
2015-04-29	849	2	38.5714	27
2015-04-30	850	0	26.3889	19
2015-04-30	850	1	36.1111	26
2015-04-30	850	2	37.5	27
2015-05-01	851	0	24.6575	18
2015-05-01	851	1	36.9863	27
2015-05-01	851	2	38.3562	28
2015-05-02	852	0	24.2857	17
2015-05-02	852	1	37.1429	26
2015-05-02	852	2	38.5714	27
2015-05-03	853	0	25	17
2015-05-03	853	1	36.7647	25
2015-05-03	853	2	38.2353	26
2015-05-04	854	0	26.087	18
2015-05-04	854	1	37.6812	26
2015-05-04	854	2	36.2319	25
2015-05-05	855	0	27.2727	18
2015-05-05	855	1	39.3939	26
2015-05-05	855	2	33.3333	22
2015-05-06	856	0	25.7576	17
2015-05-06	856	1	40.9091	27
2015-05-06	856	2	33.3333	22
2015-05-07	857	0	25.7576	17
2015-05-07	857	1	39.3939	26
2015-05-07	857	2	34.8485	23
2015-05-08	858	0	26.8657	18
2015-05-08	858	1	38.806	26
2015-05-08	858	2	34.3284	23
2015-05-09	859	0	25.3731	17
2015-05-09	859	1	38.806	26
2015-05-09	859	2	35.8209	24
2015-05-10	860	0	26.5625	17
2015-05-10	860	1	40.625	26
2015-05-10	860	2	32.8125	21
2015-05-11	861	0	26.1538	17
2015-05-11	861	1	40	26
2015-05-11	861	2	33.8462	22
2015-05-12	862	0	27.6923	18
2015-05-12	862	1	40	26
2015-05-12	862	2	32.3077	21
2015-05-13	863	0	28.7879	19
2015-05-13	863	1	39.3939	26
2015-05-13	863	2	31.8182	21
2015-05-14	864	0	26.5625	17
2015-05-14	864	1	42.1875	27
2015-05-14	864	2	31.25	20
2015-05-15	865	0	25.8065	16
2015-05-15	865	1	43.5484	27
2015-05-15	865	2	30.6452	19
2015-05-16	866	0	24.5902	15
2015-05-16	866	1	44.2623	27
2015-05-16	866	2	31.1475	19
2015-05-17	867	0	24.1935	15
2015-05-17	867	1	43.5484	27
2015-05-17	867	2	32.2581	20
2015-05-18	868	0	22.5806	14
2015-05-18	868	1	45.1613	28
2015-05-18	868	2	32.2581	20
2015-05-19	869	0	22.9508	14
2015-05-19	869	1	45.9016	28
2015-05-19	869	2	31.1475	19
2015-05-20	870	0	22.5806	14
2015-05-20	870	1	45.1613	28
2015-05-20	870	2	32.2581	20
2015-05-21	871	0	20.6349	13
2015-05-21	871	1	46.0317	29
2015-05-21	871	2	33.3333	21
2015-05-22	872	0	20	13
2015-05-22	872	1	46.1538	30
2015-05-22	872	2	33.8462	22
2015-05-23	873	0	20	13
2015-05-23	873	1	44.6154	29
2015-05-23	873	2	35.3846	23
2015-05-24	874	0	19.697	13
2015-05-24	874	1	45.4545	30
2015-05-24	874	2	34.8485	23
2015-05-25	875	0	20.8955	14
2015-05-25	875	1	44.7761	30
2015-05-25	875	2	34.3284	23
2015-05-26	876	0	21.7391	15
2015-05-26	876	1	43.4783	30
2015-05-26	876	2	34.7826	24
2015-05-27	877	0	20.2899	14
2015-05-27	877	1	43.4783	30
2015-05-27	877	2	36.2319	25
2015-05-28	878	0	21.1268	15
2015-05-28	878	1	42.2535	30
2015-05-28	878	2	36.6197	26
2015-05-29	879	0	22.2222	16
2015-05-29	879	1	41.6667	30
2015-05-29	879	2	36.1111	26
2015-05-30	880	0	22.973	17
2015-05-30	880	1	40.5405	30
2015-05-30	880	2	36.4865	27
2015-05-31	881	0	22.973	17
2015-05-31	881	1	39.1892	29
2015-05-31	881	2	37.8378	28
2015-06-01	882	0	23.2877	17
2015-06-01	882	1	38.3562	28
2015-06-01	882	2	38.3562	28
2015-06-02	883	0	24.6575	18
2015-06-02	883	1	38.3562	28
2015-06-02	883	2	36.9863	27
2015-06-03	884	0	23.6111	17
2015-06-03	884	1	38.8889	28
2015-06-03	884	2	37.5	27
2015-06-04	885	0	24.2857	17
2015-06-04	885	1	38.5714	27
2015-06-04	885	2	37.1429	26
2015-06-05	886	0	24.6377	17
2015-06-05	886	1	39.1304	27
2015-06-05	886	2	36.2319	25
2015-06-06	887	0	24.6377	17
2015-06-06	887	1	37.6812	26
2015-06-06	887	2	37.6812	26
2015-06-07	888	0	25.3521	18
2015-06-07	888	1	38.0282	27
2015-06-07	888	2	36.6197	26
2015-06-08	889	0	25.7143	18
2015-06-08	889	1	35.7143	25
2015-06-08	889	2	38.5714	27
2015-06-09	890	0	26.4706	18
2015-06-09	890	1	33.8235	23
2015-06-09	890	2	39.7059	27
2015-06-10	891	0	26.087	18
2015-06-10	891	1	34.7826	24
2015-06-10	891	2	39.1304	27
2015-06-11	892	0	25.7143	18
2015-06-11	892	1	35.7143	25
2015-06-11	892	2	38.5714	27
2015-06-12	893	0	25.3521	18
2015-06-12	893	1	35.2113	25
2015-06-12	893	2	39.4366	28
2015-06-13	894	0	25.7576	17
2015-06-13	894	1	36.3636	24
2015-06-13	894	2	37.8788	25
2015-06-14	895	0	26.4706	18
2015-06-14	895	1	35.2941	24
2015-06-14	895	2	38.2353	26
2015-06-15	896	0	25.7143	18
2015-06-15	896	1	35.7143	25
2015-06-15	896	2	38.5714	27
2015-06-16	897	0	26.7606	19
2015-06-16	897	1	36.6197	26
2015-06-16	897	2	36.6197	26
2015-06-17	898	0	26.7606	19
2015-06-17	898	1	35.2113	25
2015-06-17	898	2	38.0282	27
2015-06-18	899	0	27.3973	20
2015-06-18	899	1	35.6164	26
2015-06-18	899	2	36.9863	27
2015-06-19	900	0	27.7778	20
2015-06-19	900	1	34.7222	25
2015-06-19	900	2	37.5	27
2015-06-20	901	0	28.169	20
2015-06-20	901	1	33.8028	24
2015-06-20	901	2	38.0282	27
2015-06-21	902	0	28.169	20
2015-06-21	902	1	32.3944	23
2015-06-21	902	2	39.4366	28
2015-06-22	903	0	28.9855	20
2015-06-22	903	1	31.8841	22
2015-06-22	903	2	39.1304	27
2015-06-23	904	0	29.4118	20
2015-06-23	904	1	30.8824	21
2015-06-23	904	2	39.7059	27
2015-06-24	905	0	28.9855	20
2015-06-24	905	1	31.8841	22
2015-06-24	905	2	39.1304	27
2015-06-25	906	0	28.9855	20
2015-06-25	906	1	31.8841	22
2015-06-25	906	2	39.1304	27
2015-06-26	907	0	29.4118	20
2015-06-26	907	1	30.8824	21
2015-06-26	907	2	39.7059	27
2015-06-27	908	0	29.4118	20
2015-06-27	908	1	32.3529	22
2015-06-27	908	2	38.2353	26
2015-06-28	909	0	31.3433	21
2015-06-28	909	1	28.3582	19
2015-06-28	909	2	40.2985	27
2015-06-29	910	0	32.8358	22
2015-06-29	910	1	28.3582	19
2015-06-29	910	2	38.806	26
2015-06-30	911	0	33.3333	22
2015-06-30	911	1	27.2727	18
2015-06-30	911	2	39.3939	26
2015-07-01	912	0	35.9375	23
2015-07-01	912	1	23.4375	15
2015-07-01	912	2	40.625	26
2015-07-02	913	0	35.3846	23
2015-07-02	913	1	24.6154	16
2015-07-02	913	2	40	26
2015-07-03	914	0	35.9375	23
2015-07-03	914	1	23.4375	15
2015-07-03	914	2	40.625	26
2015-07-04	915	0	37.5	24
2015-07-04	915	1	23.4375	15
2015-07-04	915	2	39.0625	25
2015-07-05	916	0	37.5	24
2015-07-05	916	1	25	16
2015-07-05	916	2	37.5	24
2015-07-06	917	0	34.9206	22
2015-07-06	917	1	25.3968	16
2015-07-06	917	2	39.6825	25
2015-07-07	918	0	35	21
2015-07-07	918	1	25	15
2015-07-07	918	2	40	24
2015-07-08	919	0	35.4839	22
2015-07-08	919	1	25.8065	16
2015-07-08	919	2	38.7097	24
2015-07-09	920	0	36.0656	22
2015-07-09	920	1	26.2295	16
2015-07-09	920	2	37.7049	23
2015-07-10	921	0	34.4262	21
2015-07-10	921	1	26.2295	16
2015-07-10	921	2	39.3443	24
2015-07-11	922	0	33.3333	20
2015-07-11	922	1	26.6667	16
2015-07-11	922	2	40	24
2015-07-12	923	0	33.3333	20
2015-07-12	923	1	26.6667	16
2015-07-12	923	2	40	24
2015-07-13	924	0	33.3333	20
2015-07-13	924	1	28.3333	17
2015-07-13	924	2	38.3333	23
2015-07-14	925	0	32.7869	20
2015-07-14	925	1	29.5082	18
2015-07-14	925	2	37.7049	23
2015-07-15	926	0	33.3333	20
2015-07-15	926	1	30	18
2015-07-15	926	2	36.6667	22
2015-07-16	927	0	32.7586	19
2015-07-16	927	1	31.0345	18
2015-07-16	927	2	36.2069	21
2015-07-17	928	0	33.3333	20
2015-07-17	928	1	31.6667	19
2015-07-17	928	2	35	21
2015-07-18	929	0	33.3333	20
2015-07-18	929	1	31.6667	19
2015-07-18	929	2	35	21
2015-07-19	930	0	33.3333	20
2015-07-19	930	1	31.6667	19
2015-07-19	930	2	35	21
2015-07-20	931	0	29.8246	17
2015-07-20	931	1	33.3333	19
2015-07-20	931	2	36.8421	21
2015-07-21	932	0	28.0702	16
2015-07-21	932	1	35.0877	20
2015-07-21	932	2	36.8421	21
2015-07-22	933	0	29.8246	17
2015-07-22	933	1	33.3333	19
2015-07-22	933	2	36.8421	21
2015-07-23	934	0	28.5714	16
2015-07-23	934	1	33.9286	19
2015-07-23	934	2	37.5	21
2015-07-24	935	0	29.3103	17
2015-07-24	935	1	34.4828	20
2015-07-24	935	2	36.2069	21
2015-07-25	936	0	27.1186	16
2015-07-25	936	1	35.5932	21
2015-07-25	936	2	37.2881	22
2015-07-26	937	0	27.1186	16
2015-07-26	937	1	37.2881	22
2015-07-26	937	2	35.5932	21
2015-07-27	938	0	27.5862	16
2015-07-27	938	1	37.931	22
2015-07-27	938	2	34.4828	20
2015-07-28	939	0	28.5714	16
2015-07-28	939	1	33.9286	19
2015-07-28	939	2	37.5	21
2015-07-29	940	0	29.3103	17
2015-07-29	940	1	32.7586	19
2015-07-29	940	2	37.931	22
2015-07-30	941	0	30	18
2015-07-30	941	1	31.6667	19
2015-07-30	941	2	38.3333	23
2015-07-31	942	0	30	18
2015-07-31	942	1	30	18
2015-07-31	942	2	40	24
2015-08-01	943	0	29.5082	18
2015-08-01	943	1	31.1475	19
2015-08-01	943	2	39.3443	24
2015-08-02	944	0	28.3333	17
2015-08-02	944	1	31.6667	19
2015-08-02	944	2	40	24
2015-08-03	945	0	27.8689	17
2015-08-03	945	1	31.1475	19
2015-08-03	945	2	40.9836	25
2015-08-04	946	0	27.4194	17
2015-08-04	946	1	30.6452	19
2015-08-04	946	2	41.9355	26
2015-08-05	947	0	28.125	18
2015-08-05	947	1	29.6875	19
2015-08-05	947	2	42.1875	27
2015-08-06	948	0	29.2308	19
2015-08-06	948	1	29.2308	19
2015-08-06	948	2	41.5385	27
2015-08-07	949	0	28.3582	19
2015-08-07	949	1	29.8507	20
2015-08-07	949	2	41.791	28
2015-08-08	950	0	29.8507	20
2015-08-08	950	1	29.8507	20
2015-08-08	950	2	40.2985	27
2015-08-09	951	0	28.7879	19
2015-08-09	951	1	31.8182	21
2015-08-09	951	2	39.3939	26
2015-08-10	952	0	27.6923	18
2015-08-10	952	1	32.3077	21
2015-08-10	952	2	40	26
2015-08-11	953	0	28.3582	19
2015-08-11	953	1	31.3433	21
2015-08-11	953	2	40.2985	27
2015-08-12	954	0	26.8657	18
2015-08-12	954	1	32.8358	22
2015-08-12	954	2	40.2985	27
2015-08-13	955	0	27.2727	18
2015-08-13	955	1	33.3333	22
2015-08-13	955	2	39.3939	26
2015-08-14	956	0	28.7879	19
2015-08-14	956	1	33.3333	22
2015-08-14	956	2	37.8788	25
2015-08-15	957	0	29.4118	20
2015-08-15	957	1	33.8235	23
2015-08-15	957	2	36.7647	25
2015-08-16	958	0	30.4348	21
2015-08-16	958	1	33.3333	23
2015-08-16	958	2	36.2319	25
2015-08-17	959	0	30.4348	21
2015-08-17	959	1	31.8841	22
2015-08-17	959	2	37.6812	26
2015-08-18	960	0	30	21
2015-08-18	960	1	31.4286	22
2015-08-18	960	2	38.5714	27
2015-08-19	961	0	29.4118	20
2015-08-19	961	1	30.8824	21
2015-08-19	961	2	39.7059	27
2015-08-20	962	0	28.9855	20
2015-08-20	962	1	31.8841	22
2015-08-20	962	2	39.1304	27
2015-08-21	963	0	28.5714	20
2015-08-21	963	1	32.8571	23
2015-08-21	963	2	38.5714	27
2015-08-22	964	0	28.5714	20
2015-08-22	964	1	32.8571	23
2015-08-22	964	2	38.5714	27
2015-08-23	965	0	28.5714	20
2015-08-23	965	1	31.4286	22
2015-08-23	965	2	40	28
2015-08-24	966	0	29.4118	20
2015-08-24	966	1	30.8824	21
2015-08-24	966	2	39.7059	27
2015-08-25	967	0	29.4118	20
2015-08-25	967	1	30.8824	21
2015-08-25	967	2	39.7059	27
2015-08-26	968	0	30.4348	21
2015-08-26	968	1	30.4348	21
2015-08-26	968	2	39.1304	27
2015-08-27	969	0	30	21
2015-08-27	969	1	30	21
2015-08-27	969	2	40	28
2015-08-28	970	0	28.9855	20
2015-08-28	970	1	31.8841	22
2015-08-28	970	2	39.1304	27
2015-08-29	971	0	29.5775	21
2015-08-29	971	1	30.9859	22
2015-08-29	971	2	39.4366	28
2015-08-30	972	0	30.137	22
2015-08-30	972	1	30.137	22
2015-08-30	972	2	39.726	29
2015-08-31	973	0	30.5556	22
2015-08-31	973	1	30.5556	22
2015-08-31	973	2	38.8889	28
2015-09-01	974	0	30.5556	22
2015-09-01	974	1	31.9444	23
2015-09-01	974	2	37.5	27
2015-09-02	975	0	28.169	20
2015-09-02	975	1	32.3944	23
2015-09-02	975	2	39.4366	28
2015-09-03	976	0	26.8657	18
2015-09-03	976	1	34.3284	23
2015-09-03	976	2	38.806	26
2015-09-04	977	0	26.4706	18
2015-09-04	977	1	33.8235	23
2015-09-04	977	2	39.7059	27
2015-09-05	978	0	25.7576	17
2015-09-05	978	1	36.3636	24
2015-09-05	978	2	37.8788	25
2015-09-06	979	0	26.4706	18
2015-09-06	979	1	35.2941	24
2015-09-06	979	2	38.2353	26
2015-09-07	980	0	24.6377	17
2015-09-07	980	1	36.2319	25
2015-09-07	980	2	39.1304	27
2015-09-08	981	0	23.1884	16
2015-09-08	981	1	36.2319	25
2015-09-08	981	2	40.5797	28
2015-09-09	982	0	24.2857	17
2015-09-09	982	1	35.7143	25
2015-09-09	982	2	40	28
2015-09-10	983	0	25.3521	18
2015-09-10	983	1	33.8028	24
2015-09-10	983	2	40.8451	29
2015-09-11	984	0	24.6575	18
2015-09-11	984	1	34.2466	25
2015-09-11	984	2	41.0959	30
2015-09-12	985	0	24.3243	18
2015-09-12	985	1	33.7838	25
2015-09-12	985	2	41.8919	31
2015-09-13	986	0	24.3243	18
2015-09-13	986	1	35.1351	26
2015-09-13	986	2	40.5405	30
2015-09-14	987	0	24	18
2015-09-14	987	1	34.6667	26
2015-09-14	987	2	41.3333	31
2015-09-15	988	0	24	18
2015-09-15	988	1	34.6667	26
2015-09-15	988	2	41.3333	31
2015-09-16	989	0	24.3243	18
2015-09-16	989	1	33.7838	25
2015-09-16	989	2	41.8919	31
2015-09-17	990	0	24	18
2015-09-17	990	1	34.6667	26
2015-09-17	990	2	41.3333	31
2015-09-18	991	0	22.6667	17
2015-09-18	991	1	34.6667	26
2015-09-18	991	2	42.6667	32
2015-09-19	992	0	22.3684	17
2015-09-19	992	1	35.5263	27
2015-09-19	992	2	42.1053	32
2015-09-20	993	0	23.6842	18
2015-09-20	993	1	34.2105	26
2015-09-20	993	2	42.1053	32
2015-09-21	994	0	22.6667	17
2015-09-21	994	1	34.6667	26
2015-09-21	994	2	42.6667	32
2015-09-22	995	0	22.973	17
2015-09-22	995	1	33.7838	25
2015-09-22	995	2	43.2432	32
2015-09-23	996	0	23.2877	17
2015-09-23	996	1	34.2466	25
2015-09-23	996	2	42.4658	31
2015-09-24	997	0	24.6575	18
2015-09-24	997	1	34.2466	25
2015-09-24	997	2	41.0959	30
2015-09-25	998	0	26.3889	19
2015-09-25	998	1	31.9444	23
2015-09-25	998	2	41.6667	30
2015-09-26	999	0	25.7143	18
2015-09-26	999	1	32.8571	23
2015-09-26	999	2	41.4286	29
2015-09-27	1000	0	26.3889	19
2015-09-27	1000	1	31.9444	23
2015-09-27	1000	2	41.6667	30
2015-09-28	1001	0	25.3521	18
2015-09-28	1001	1	32.3944	23
2015-09-28	1001	2	42.2535	30
2015-09-29	1002	0	24.6575	18
2015-09-29	1002	1	32.8767	24
2015-09-29	1002	2	42.4658	31
2015-09-30	1003	0	24.3243	18
2015-09-30	1003	1	32.4324	24
2015-09-30	1003	2	43.2432	32
2015-10-01	1004	0	24.6575	18
2015-10-01	1004	1	32.8767	24
2015-10-01	1004	2	42.4658	31
2015-10-02	1005	0	24.6575	18
2015-10-02	1005	1	32.8767	24
2015-10-02	1005	2	42.4658	31
2015-10-03	1006	0	25.3333	19
2015-10-03	1006	1	32	24
2015-10-03	1006	2	42.6667	32
2015-10-04	1007	0	25	19
2015-10-04	1007	1	32.8947	25
2015-10-04	1007	2	42.1053	32
2015-10-05	1008	0	25	18
2015-10-05	1008	1	34.7222	25
2015-10-05	1008	2	40.2778	29
2015-10-06	1009	0	24.2857	17
2015-10-06	1009	1	35.7143	25
2015-10-06	1009	2	40	28
2015-10-07	1010	0	22.8571	16
2015-10-07	1010	1	35.7143	25
2015-10-07	1010	2	41.4286	29
2015-10-08	1011	0	22.8571	16
2015-10-08	1011	1	35.7143	25
2015-10-08	1011	2	41.4286	29
2015-10-09	1012	0	22.5352	16
2015-10-09	1012	1	36.6197	26
2015-10-09	1012	2	40.8451	29
2015-10-10	1013	0	23.6111	17
2015-10-10	1013	1	37.5	27
2015-10-10	1013	2	38.8889	28
2015-10-11	1014	0	23.2877	17
2015-10-11	1014	1	38.3562	28
2015-10-11	1014	2	38.3562	28
2015-10-12	1015	0	23.6111	17
2015-10-12	1015	1	38.8889	28
2015-10-12	1015	2	37.5	27
2015-10-13	1016	0	23.1884	16
2015-10-13	1016	1	39.1304	27
2015-10-13	1016	2	37.6812	26
2015-10-14	1017	0	21.7391	15
2015-10-14	1017	1	39.1304	27
2015-10-14	1017	2	39.1304	27
2015-10-15	1018	0	19.697	13
2015-10-15	1018	1	39.3939	26
2015-10-15	1018	2	40.9091	27
2015-10-16	1019	0	19.697	13
2015-10-16	1019	1	40.9091	27
2015-10-16	1019	2	39.3939	26
2015-10-17	1020	0	18.1818	12
2015-10-17	1020	1	42.4242	28
2015-10-17	1020	2	39.3939	26
2015-10-18	1021	0	19.697	13
2015-10-18	1021	1	42.4242	28
2015-10-18	1021	2	37.8788	25
2015-10-19	1022	0	18.4615	12
2015-10-19	1022	1	41.5385	27
2015-10-19	1022	2	40	26
2015-10-20	1023	0	17.1875	11
2015-10-20	1023	1	42.1875	27
2015-10-20	1023	2	40.625	26
2015-10-21	1024	0	16.6667	11
2015-10-21	1024	1	42.4242	28
2015-10-21	1024	2	40.9091	27
2015-10-22	1025	0	17.3913	12
2015-10-22	1025	1	42.029	29
2015-10-22	1025	2	40.5797	28
2015-10-23	1026	0	18.5714	13
2015-10-23	1026	1	41.4286	29
2015-10-23	1026	2	40	28
2015-10-24	1027	0	18.3099	13
2015-10-24	1027	1	42.2535	30
2015-10-24	1027	2	39.4366	28
2015-10-25	1028	0	17.6471	12
2015-10-25	1028	1	42.6471	29
2015-10-25	1028	2	39.7059	27
2015-10-26	1029	0	17.6471	12
2015-10-26	1029	1	44.1176	30
2015-10-26	1029	2	38.2353	26
2015-10-27	1030	0	18.8406	13
2015-10-27	1030	1	42.029	29
2015-10-27	1030	2	39.1304	27
2015-10-28	1031	0	19.697	13
2015-10-28	1031	1	42.4242	28
2015-10-28	1031	2	37.8788	25
2015-10-29	1032	0	20.8955	14
2015-10-29	1032	1	40.2985	27
2015-10-29	1032	2	38.806	26
2015-10-30	1033	0	20.2899	14
2015-10-30	1033	1	40.5797	28
2015-10-30	1033	2	39.1304	27
2015-10-31	1034	0	20	14
2015-10-31	1034	1	40	28
2015-10-31	1034	2	40	28
2015-11-01	1035	0	20.2899	14
2015-11-01	1035	1	42.029	29
2015-11-01	1035	2	37.6812	26
2015-11-02	1036	0	21.4286	15
2015-11-02	1036	1	41.4286	29
2015-11-02	1036	2	37.1429	26
2015-11-03	1037	0	21.7391	15
2015-11-03	1037	1	42.029	29
2015-11-03	1037	2	36.2319	25
2015-11-04	1038	0	21.7391	15
2015-11-04	1038	1	40.5797	28
2015-11-04	1038	2	37.6812	26
2015-11-05	1039	0	20	14
2015-11-05	1039	1	41.4286	29
2015-11-05	1039	2	38.5714	27
2015-11-06	1040	0	21.4286	15
2015-11-06	1040	1	42.8571	30
2015-11-06	1040	2	35.7143	25
2015-11-07	1041	0	23.1884	16
2015-11-07	1041	1	42.029	29
2015-11-07	1041	2	34.7826	24
2015-11-08	1042	0	22.8571	16
2015-11-08	1042	1	41.4286	29
2015-11-08	1042	2	35.7143	25
2015-11-09	1043	0	22.8571	16
2015-11-09	1043	1	40	28
2015-11-09	1043	2	37.1429	26
2015-11-10	1044	0	23.6111	17
2015-11-10	1044	1	40.2778	29
2015-11-10	1044	2	36.1111	26
2015-11-11	1045	0	22.973	17
2015-11-11	1045	1	40.5405	30
2015-11-11	1045	2	36.4865	27
2015-11-12	1046	0	22.6667	17
2015-11-12	1046	1	40	30
2015-11-12	1046	2	37.3333	28
2015-11-13	1047	0	21.3333	16
2015-11-13	1047	1	40	30
2015-11-13	1047	2	38.6667	29
2015-11-14	1048	0	20.7792	16
2015-11-14	1048	1	40.2597	31
2015-11-14	1048	2	38.961	30
2015-11-15	1049	0	18.6667	14
2015-11-15	1049	1	40	30
2015-11-15	1049	2	41.3333	31
2015-11-16	1050	0	17.8082	13
2015-11-16	1050	1	39.726	29
2015-11-16	1050	2	42.4658	31
2015-11-17	1051	0	17.5676	13
2015-11-17	1051	1	39.1892	29
2015-11-17	1051	2	43.2432	32
2015-11-18	1052	0	17.8082	13
2015-11-18	1052	1	38.3562	28
2015-11-18	1052	2	43.8356	32
2015-11-19	1053	0	17.8082	13
2015-11-19	1053	1	38.3562	28
2015-11-19	1053	2	43.8356	32
2015-11-20	1054	0	18.0556	13
2015-11-20	1054	1	40.2778	29
2015-11-20	1054	2	41.6667	30
2015-11-21	1055	0	19.7183	14
2015-11-21	1055	1	39.4366	28
2015-11-21	1055	2	40.8451	29
2015-11-22	1056	0	20	14
2015-11-22	1056	1	40	28
2015-11-22	1056	2	40	28
2015-11-23	1057	0	20.8333	15
2015-11-23	1057	1	40.2778	29
2015-11-23	1057	2	38.8889	28
2015-11-24	1058	0	21.1268	15
2015-11-24	1058	1	39.4366	28
2015-11-24	1058	2	39.4366	28
2015-11-25	1059	0	20	14
2015-11-25	1059	1	41.4286	29
2015-11-25	1059	2	38.5714	27
2015-11-26	1060	0	21.1268	15
2015-11-26	1060	1	39.4366	28
2015-11-26	1060	2	39.4366	28
2015-11-27	1061	0	22.2222	16
2015-11-27	1061	1	38.8889	28
2015-11-27	1061	2	38.8889	28
2015-11-28	1062	0	22.8571	16
2015-11-28	1062	1	38.5714	27
2015-11-28	1062	2	38.5714	27
2015-11-29	1063	0	22.8571	16
2015-11-29	1063	1	38.5714	27
2015-11-29	1063	2	38.5714	27
2015-11-30	1064	0	23.6111	17
2015-11-30	1064	1	37.5	27
2015-11-30	1064	2	38.8889	28
2015-12-01	1065	0	22.2222	16
2015-12-01	1065	1	38.8889	28
2015-12-01	1065	2	38.8889	28
2015-12-02	1066	0	21.1268	15
2015-12-02	1066	1	40.8451	29
2015-12-02	1066	2	38.0282	27
2015-12-03	1067	0	20.2899	14
2015-12-03	1067	1	42.029	29
2015-12-03	1067	2	37.6812	26
2015-12-04	1068	0	21.4286	15
2015-12-04	1068	1	40	28
2015-12-04	1068	2	38.5714	27
2015-12-05	1069	0	20.5882	14
2015-12-05	1069	1	38.2353	26
2015-12-05	1069	2	41.1765	28
2015-12-06	1070	0	19.1176	13
2015-12-06	1070	1	38.2353	26
2015-12-06	1070	2	42.6471	29
2015-12-07	1071	0	20.5882	14
2015-12-07	1071	1	38.2353	26
2015-12-07	1071	2	41.1765	28
2015-12-08	1072	0	20	14
2015-12-08	1072	1	38.5714	27
2015-12-08	1072	2	41.4286	29
2015-12-09	1073	0	20.8955	14
2015-12-09	1073	1	35.8209	24
2015-12-09	1073	2	43.2836	29
2015-12-10	1074	0	20.5882	14
2015-12-10	1074	1	35.2941	24
2015-12-10	1074	2	44.1176	30
2015-12-11	1075	0	21.1268	15
2015-12-11	1075	1	35.2113	25
2015-12-11	1075	2	43.662	31
2015-12-12	1076	0	22.2222	16
2015-12-12	1076	1	36.1111	26
2015-12-12	1076	2	41.6667	30
2015-12-13	1077	0	22.5352	16
2015-12-13	1077	1	36.6197	26
2015-12-13	1077	2	40.8451	29
2015-12-14	1078	0	22.5352	16
2015-12-14	1078	1	38.0282	27
2015-12-14	1078	2	39.4366	28
2015-12-15	1079	0	22.2222	16
2015-12-15	1079	1	37.5	27
2015-12-15	1079	2	40.2778	29
2015-12-16	1080	0	22.5352	16
2015-12-16	1080	1	38.0282	27
2015-12-16	1080	2	39.4366	28
2015-12-17	1081	0	23.2877	17
2015-12-17	1081	1	38.3562	28
2015-12-17	1081	2	38.3562	28
2015-12-18	1082	0	24.3243	18
2015-12-18	1082	1	36.4865	27
2015-12-18	1082	2	39.1892	29
2015-12-19	1083	0	25	19
2015-12-19	1083	1	35.5263	27
2015-12-19	1083	2	39.4737	30
2015-12-20	1084	0	25.3333	19
2015-12-20	1084	1	34.6667	26
2015-12-20	1084	2	40	30
2015-12-21	1085	0	25	19
2015-12-21	1085	1	34.2105	26
2015-12-21	1085	2	40.7895	31
2015-12-22	1086	0	24.3243	18
2015-12-22	1086	1	35.1351	26
2015-12-22	1086	2	40.5405	30
2015-12-23	1087	0	22.973	17
2015-12-23	1087	1	35.1351	26
2015-12-23	1087	2	41.8919	31
2015-12-24	1088	0	22.973	17
2015-12-24	1088	1	36.4865	27
2015-12-24	1088	2	40.5405	30
2015-12-25	1089	0	23.2877	17
2015-12-25	1089	1	36.9863	27
2015-12-25	1089	2	39.726	29
2015-12-26	1090	0	23.6111	17
2015-12-26	1090	1	36.1111	26
2015-12-26	1090	2	40.2778	29
2015-12-27	1091	0	24	18
2015-12-27	1091	1	36	27
2015-12-27	1091	2	40	30
2015-12-28	1092	0	23.2877	17
2015-12-28	1092	1	36.9863	27
2015-12-28	1092	2	39.726	29
2015-12-29	1093	0	23.6111	17
2015-12-29	1093	1	37.5	27
2015-12-29	1093	2	38.8889	28
2015-12-30	1094	0	24.6377	17
2015-12-30	1094	1	37.6812	26
2015-12-30	1094	2	37.6812	26
2015-12-31	1095	0	24.2857	17
2015-12-31	1095	1	37.1429	26
2015-12-31	1095	2	38.5714	27
